4709203636333.4746
4709203636333.7715
4709203636334.0293
4709203636334.3213
4709203636334.4512
4709203636334.6045
4709203636334.8721
4709203636335.0928
4709203636335.3447
4709203636335.6553
4709203636335.7979
4709203636336.085
4709203636336.3994
4709203636336.502
4709203636336.7461
4709203636336.9707
4709203636337.291
4709203636337.5713
4709203636337.915
4709203636338.0488
4709203636338.1348
4709203636338.5273
4709203636338.834
4709203636338.9824
4709203636339.1133
4709203636339.377
4709203636339.5537
4709203636339.6426
4709203636339.9482
4709203636340.2607
4709203636340.3691
4709203636340.6123
4709203636340.8115
4709203636341.1816
4709203636341.3564
4709203636341.4326
4709203636341.8408
4709203636342.0684
4709203636342.25
4709203636342.4229
4709203636342.8115
4709203636342.9736
4709203636343.1543
4709203636343.4365
4709203636343.583
4709203636343.8818
4709203636344.1377
4709203636344.4346
4709203636344.6465
4709203636344.7285
4709203636345.1055
4709203636345.3906
4709203636345.4922
4709203636345.6475
4709203636346.0361
4709203636346.3086
4709203636346.4482
4709203636346.6836
4709203636346.9287
4709203636347.2412
4709203636347.4746
4709203636347.5098
4709203636347.8184
4709203636347.8896
4709203636348.3848
4709203636348.4619
4709203636348.6982
4709203636349.0518
4709203636349.2549
4709203636349.4678
4709203636349.6016
4709203636350.0127
4709203636350.1201
4709203636350.291
4709203636350.5908
4709203636350.8408
4709203636351.0156
4709203636351.2461
4709203636351.3379
4709203636351.7695
4709203636352.0176
4709203636352.1309
4709203636352.2285
4709203636352.416
4709203636352.8428
4709203636352.9697
4709203636353.0918
4709203636353.1406
4709203636354.1348
4709203636354.1543
4709203636354.4121
4709203636354.4609
4709203636354.8428
4709203636355.0674
4709203636355.2178
4709203636355.5049
4709203636355.6738
4709203636355.8262
4709203636356.1396
4709203636356.293
4709203636356.6035
4709203636356.7969
4709203636356.9434
4709203636357.3154
4709203636357.5898
4709203636357.75
4709203636357.8867
4709203636358.1445
4709203636358.3721
4709203636358.5557
4709203636358.6934
4709203636359.0879
4709203636359.2363
4709203636359.5059
4709203636359.7549
4709203636359.9199
4709203636360.2646
4709203636360.3955
4709203636360.6387
4709203636360.8916
4709203636361.0518
4709203636361.3535
4709203636361.6504
4709203636361.9521
4709203636362.1094
4709203636362.2324
4709203636362.3799
4709203636362.6592
4709203636362.915
4709203636363.2627
4709203636363.4785
4709203636363.7051
4709203636363.8838
4709203636364.1611
4709203636364.3408
4709203636364.5947
4709203636364.7363
4709203636365.125
4709203636365.4062
4709203636365.5557
4709203636365.6982
4709203636365.9238
4709203636366.4365
4709203636366.541
4709203636366.75
4709203636366.8652
4709203636367.167
4709203636367.4102
4709203636367.6445
4709203636367.8076
4709203636368.0176
4709203636368.209
4709203636368.3965
4709203636368.6982
4709203636368.8613
4709203636369.0918
4709203636369.1602
4709203636369.666
4709203636369.9443
4709203636370.1084
4709203636370.3223
4709203636370.4375
4709203636370.7266
4709203636370.8408
4709203636371.2734
4709203636371.4092
4709203636371.709
4709203636371.8545
4709203636372.2939
4709203636372.4004
4709203636372.6475
4709203636372.9521
4709203636373.1582
