10000000000000.045
10000000000000.252
10000000000000.746
10000000000000.932
10000000000001.102
10000000000001.318
10000000000001.334
10000000000001.68
10000000000001.992
10000000000002.143
10000000000002.24
10000000000002.574
10000000000002.844
10000000000002.967
10000000000003.143
10000000000003.35
10000000000003.707
10000000000003.881
10000000000004.082
10000000000004.172
10000000000004.621
10000000000004.871
10000000000005.02
10000000000005.385
10000000000005.52
10000000000005.734
10000000000005.955
10000000000006.074
10000000000006.441
10000000000006.529
10000000000006.807
10000000000007.18
10000000000007.258
10000000000007.484
10000000000007.643
10000000000007.971
10000000000008.184
10000000000008.41
10000000000008.619
10000000000009.004
10000000000009.074
10000000000009.285
10000000000009.656
10000000000009.852
10000000000009.977
10000000000010.246
10000000000010.387
10000000000010.648
10000000000010.947
10000000000011.076
10000000000011.326
10000000000011.49
10000000000011.736
10000000000011.857
10000000000012.193
10000000000012.535
10000000000012.697
10000000000012.977
10000000000013.115
10000000000013.289
10000000000013.432
10000000000013.674
10000000000013.768
10000000000014.115
10000000000014.312
10000000000014.623
10000000000014.738
10000000000015.02
10000000000015.18
10000000000015.578
10000000000015.916
10000000000016.113
10000000000016.279
10000000000016.523
10000000000016.758
10000000000016.926
10000000000017.248
10000000000017.475
10000000000017.637
10000000000017.875
10000000000018.076
10000000000018.369
10000000000018.494
10000000000018.686
10000000000018.787
10000000000019.072
10000000000019.379
10000000000019.586
10000000000019.811
10000000000019.961
10000000000020.215
10000000000020.381
10000000000020.736
10000000000020.822
10000000000021.262
10000000000021.453
10000000000021.504
10000000000021.889
10000000000022.047
10000000000022.154
10000000000022.566
10000000000022.729
10000000000022.795
10000000000023.184
10000000000023.4
10000000000023.584
10000000000023.695
10000000000023.914
10000000000024.18
10000000000024.475
10000000000024.682
10000000000024.918
10000000000025.33
10000000000025.564
10000000000025.688
10000000000025.842
10000000000026.111
10000000000026.207
10000000000026.496
10000000000026.672
10000000000026.943
10000000000027.18
10000000000027.402
10000000000027.771
10000000000027.969
10000000000028.258
10000000000028.373
10000000000028.691
10000000000028.865
10000000000029.051
10000000000029.197
10000000000029.344
10000000000029.512
10000000000029.9
10000000000030.096
10000000000030.207
10000000000030.543
10000000000030.668
10000000000030.957
10000000000031.064
10000000000031.396
10000000000031.549
10000000000031.721
10000000000032.037
10000000000032.352
10000000000032.443
10000000000032.803
10000000000033.088
10000000000033.283
10000000000033.428
10000000000033.656
10000000000033.852
10000000000033.977
10000000000034.402
10000000000034.719
10000000000034.902
10000000000035.191
10000000000035.264
10000000000035.436
10000000000035.691
10000000000035.932
10000000000036.195
10000000000036.379
10000000000036.721
10000000000036.773
10000000000036.998
10000000000037.227
10000000000037.365
10000000000037.727
10000000000037.836
10000000000038.203
10000000000038.346
10000000000038.646
10000000000038.771
10000000000039.141
10000000000039.312
10000000000039.408
10000000000039.734
10000000000039.818
10000000000040.184
10000000000040.389
10000000000040.607
10000000000040.846
10000000000041.043
10000000000041.225
10000000000041.482
10000000000041.73
10000000000041.936
10000000000042.049
10000000000042.225
10000000000042.436
10000000000042.715
10000000000042.902
10000000000043.312
10000000000043.562
10000000000043.875
10000000000044.035
10000000000044.289
10000000000044.375
10000000000044.803
10000000000044.957
10000000000045.305
10000000000045.396
10000000000045.641
10000000000045.754
10000000000045.906
10000000000046.266
10000000000046.301
10000000000046.676
10000000000046.846
10000000000046.947
10000000000047.361
10000000000047.617
10000000000047.869
10000000000048.029
10000000000048.139
10000000000048.365
10000000000048.615
10000000000048.754
10000000000049.027
10000000000049.172
10000000000049.555
10000000000049.846
10000000000049.951
10000000000050.133
10000000000050.264
10000000000050.666
10000000000050.75
10000000000051.172
10000000000051.361
10000000000051.629
10000000000051.91
10000000000052.008
10000000000052.262
10000000000052.445
10000000000052.836
10000000000052.947
10000000000053.137
10000000000053.293
10000000000053.557
10000000000053.82
10000000000053.934
10000000000054.236
10000000000054.537
10000000000054.842
10000000000054.961
10000000000055.076
10000000000055.338
10000000000055.594
10000000000055.846
10000000000056.02
10000000000056.232
10000000000056.646
10000000000056.836
10000000000056.988
10000000000057.191
10000000000057.371
10000000000057.617
10000000000057.809
10000000000058.014
10000000000058.146
10000000000058.373
10000000000058.732
10000000000058.838
10000000000059.074
10000000000059.215
10000000000059.637
10000000000059.834
10000000000059.988
10000000000060.168
10000000000060.42
10000000000060.736
10000000000060.902
10000000000061.234
10000000000061.32
10000000000061.688
10000000000061.996
10000000000062.152
10000000000062.332
10000000000062.568
10000000000062.812
10000000000063.002
10000000000063.344
10000000000063.467
10000000000063.766
10000000000063.822
10000000000064.172
10000000000064.375
10000000000064.633
10000000000064.711
10000000000065.039
10000000000065.195
10000000000065.418
10000000000065.609
10000000000065.766
10000000000065.873
10000000000066.07
10000000000066.422
10000000000066.938
10000000000067.078
10000000000067.279
10000000000067.354
10000000000067.754
10000000000067.891
10000000000068.244
10000000000068.373
10000000000068.516
10000000000068.678
10000000000068.812
10000000000069.041
10000000000069.451
10000000000069.727
10000000000069.953
10000000000070.049
10000000000070.289
10000000000070.641
10000000000070.771
10000000000070.998
10000000000071.314
10000000000071.545
10000000000071.754
10000000000071.963
10000000000072.1
10000000000072.289
10000000000072.635
10000000000072.889
10000000000073.156
10000000000073.326
10000000000073.541
10000000000073.674
10000000000073.951
10000000000074.178
10000000000074.365
10000000000074.648
10000000000074.814
10000000000075.121
10000000000075.357
10000000000075.559
10000000000075.662
10000000000075.795
10000000000076.072
10000000000076.326
10000000000076.541
10000000000076.793
10000000000077.051
10000000000077.232
10000000000077.49
10000000000077.559
10000000000077.727
10000000000078.148
10000000000078.293
10000000000078.391
10000000000078.926
10000000000079.193
10000000000079.432
10000000000079.514
10000000000079.848
10000000000080.129
10000000000080.369
10000000000080.469
10000000000080.588
10000000000080.908
10000000000081.232
10000000000081.346
10000000000081.51
10000000000081.717
10000000000081.891
10000000000082.143
10000000000082.391
10000000000082.678
10000000000082.811
10000000000083.145
10000000000083.385
10000000000083.523
10000000000083.895
10000000000084.035
10000000000084.191
10000000000084.375
10000000000084.65
10000000000084.883
10000000000084.949
10000000000085.367
10000000000085.502
10000000000085.779
10000000000085.992
10000000000086.232
10000000000086.43
10000000000086.613
10000000000086.936
10000000000087.039
10000000000087.342
10000000000087.566
10000000000087.699
10000000000087.99
10000000000088.061
10000000000088.457
10000000000088.721
10000000000088.881
10000000000089.029
10000000000089.416
10000000000089.637
10000000000089.826
10000000000090.061
10000000000090.342
10000000000090.605
10000000000090.861
10000000000091.035
10000000000091.189
10000000000091.484
10000000000091.633
10000000000091.814
10000000000092.049
10000000000092.299
10000000000092.527
10000000000092.732
10000000000092.949
10000000000092.994
10000000000093.285
10000000000093.65
10000000000093.807
10000000000093.941
10000000000094.262
10000000000094.449
10000000000094.639
10000000000094.834
10000000000095.193
10000000000095.271
10000000000095.455
10000000000095.838
10000000000096.084
10000000000096.377
10000000000096.527
10000000000096.824
10000000000096.973
10000000000097.225
10000000000097.258
10000000000097.531
10000000000097.902
10000000000098.15
10000000000098.195
10000000000098.604
10000000000098.971
10000000000099.217
10000000000099.295
10000000000099.422
10000000000099.656
10000000000099.746
10000000000100.146
10000000000100.285
10000000000100.428
10000000000100.617
10000000000101.074
10000000000101.209
10000000000101.432
10000000000101.725
10000000000101.842
10000000000102.141
10000000000102.438
10000000000102.564
10000000000102.789
10000000000103.004
10000000000103.275
10000000000103.463
10000000000103.814
10000000000103.939
10000000000104.018
10000000000104.268
10000000000104.395
10000000000104.506
10000000000104.918
10000000000105.152
10000000000105.443
10000000000105.586
10000000000105.791
10000000000106.008
10000000000106.293
10000000000106.799
10000000000106.908
10000000000107.043
10000000000107.248
10000000000107.576
10000000000107.844
10000000000107.938
10000000000108.219
10000000000108.385
10000000000108.586
10000000000108.807
10000000000109.123
10000000000109.439
10000000000109.605
10000000000109.73
10000000000109.887
10000000000110.277
10000000000110.363
10000000000110.447
10000000000110.721
10000000000111.098
10000000000111.26
10000000000111.482
10000000000111.619
10000000000112.002
10000000000112.086
10000000000112.34
10000000000112.525
10000000000112.801
10000000000112.92
10000000000113.303
10000000000113.51
10000000000113.812
10000000000113.871
10000000000114.084
10000000000114.486
10000000000114.674
10000000000114.822
10000000000114.943
10000000000115.311
10000000000115.697
10000000000115.824
10000000000115.918
10000000000116.092
10000000000116.443
10000000000116.746
10000000000116.807
10000000000117.072
10000000000117.338
10000000000117.518
10000000000117.646
10000000000117.939
10000000000118.281
10000000000118.604
10000000000118.76
10000000000118.971
10000000000119.232
10000000000119.434
10000000000119.605
10000000000119.652
10000000000119.941
10000000000120.324
10000000000120.494
10000000000120.598
10000000000120.83
10000000000121.031
10000000000121.207
10000000000121.572
10000000000121.74
10000000000122.072
10000000000122.195
10000000000122.35
10000000000122.672
10000000000122.881
10000000000123.088
10000000000123.262
10000000000123.412
10000000000123.637
10000000000123.891
10000000000124.234
10000000000124.447
10000000000124.602
10000000000124.984
10000000000125.318
10000000000125.465
10000000000125.783
10000000000126.051
10000000000126.086
10000000000126.291
10000000000126.537
10000000000126.701
10000000000126.93
10000000000127.178
10000000000127.416
10000000000127.531
10000000000127.824
10000000000128.115
10000000000128.266
10000000000128.516
10000000000128.625
10000000000128.893
10000000000128.998
10000000000129.316
10000000000129.637
10000000000129.902
10000000000130.117
10000000000130.213
10000000000130.576
10000000000130.713
10000000000130.914
10000000000131.27
10000000000131.449
10000000000131.607
10000000000131.822
10000000000131.902
10000000000132.211
10000000000132.475
10000000000132.605
10000000000132.949
10000000000133.143
10000000000133.473
10000000000133.623
10000000000133.848
10000000000134.006
10000000000134.275
10000000000134.492
10000000000134.838
10000000000135.115
10000000000135.342
10000000000135.438
10000000000135.664
10000000000135.98
10000000000136.117
10000000000136.336
10000000000136.498
10000000000136.828
10000000000137.086
10000000000137.188
10000000000137.383
10000000000137.83
10000000000137.971
10000000000138.213
10000000000138.424
10000000000138.494
10000000000138.803
10000000000138.957
10000000000139.186
10000000000139.486
10000000000139.562
10000000000139.678
10000000000140.006
10000000000140.123
10000000000140.434
10000000000140.631
10000000000141.107
10000000000141.273
10000000000141.533
10000000000141.727
10000000000141.887
10000000000142.029
10000000000142.266
10000000000142.639
10000000000142.895
10000000000143.197
10000000000143.311
10000000000143.584
10000000000143.723
10000000000143.889
10000000000144.045
10000000000144.463
10000000000144.643
10000000000144.848
10000000000144.959
10000000000145.396
10000000000145.588
10000000000145.77
10000000000145.926
10000000000146.115
10000000000146.465
10000000000146.523
10000000000146.766
10000000000146.959
10000000000147.27
10000000000147.451
10000000000147.848
10000000000148.049
10000000000148.209
10000000000148.457
10000000000148.646
10000000000148.699
10000000000149.104
10000000000149.189
10000000000149.465
10000000000149.723
10000000000149.986
10000000000150.125
10000000000150.385
10000000000150.602
10000000000150.736
10000000000150.938
10000000000151.172
10000000000151.566
10000000000151.686
10000000000151.957
10000000000152.186
10000000000152.422
10000000000152.547
10000000000152.949
10000000000153.182
10000000000153.438
10000000000153.701
10000000000153.834
10000000000154.232
10000000000154.354
10000000000154.461
10000000000154.66
10000000000154.932
10000000000155.186
10000000000155.326
10000000000155.516
10000000000155.725
10000000000155.893
10000000000156.244
10000000000156.352
10000000000156.574
10000000000156.902
10000000000157.16
10000000000157.297
10000000000157.596
10000000000157.748
10000000000157.895
10000000000158.176
10000000000158.469
10000000000158.664
10000000000158.877
10000000000159.104
10000000000159.348
10000000000159.494
10000000000159.715
10000000000159.9
10000000000160.244
10000000000160.545
10000000000160.578
10000000000161.076
10000000000161.369
10000000000161.432
10000000000161.57
10000000000161.906
10000000000161.992
10000000000162.268
10000000000162.559
10000000000162.674
10000000000162.928
10000000000163.08
10000000000163.375
10000000000163.607
10000000000163.812
10000000000164.021
10000000000164.229
10000000000164.553
10000000000164.893
10000000000165.164
10000000000165.244
10000000000165.445
10000000000165.68
10000000000165.785
10000000000165.961
10000000000166.227
10000000000166.439
10000000000166.762
10000000000166.973
10000000000167.174
10000000000167.359
10000000000167.572
10000000000167.934
10000000000167.953
10000000000168.191
10000000000168.262
10000000000168.6
10000000000168.857
10000000000169.137
10000000000169.393
10000000000169.635
10000000000169.906
10000000000170.189
10000000000170.461
10000000000170.604
10000000000170.865
10000000000170.949
10000000000171.211
10000000000171.551
10000000000171.684
10000000000171.953
10000000000172.164
10000000000172.457
10000000000172.541
10000000000172.746
10000000000173.084
10000000000173.271
10000000000173.465
10000000000173.688
10000000000173.879
10000000000174.088
10000000000174.277
10000000000174.559
10000000000174.723
10000000000174.971
10000000000175.203
10000000000175.312
10000000000175.623
10000000000175.816
10000000000176.135
10000000000176.258
10000000000176.66
10000000000176.891
10000000000176.996
10000000000177.268
10000000000177.564
10000000000177.771
10000000000177.891
10000000000178.064
10000000000178.264
10000000000178.52
10000000000178.605
10000000000178.996
10000000000179.172
10000000000179.494
10000000000179.748
10000000000179.906
10000000000180.367
10000000000180.537
10000000000180.598
10000000000180.725
10000000000181.064
10000000000181.316
10000000000181.615
10000000000181.85
10000000000181.891
10000000000182.213
10000000000182.379
10000000000182.729
10000000000182.922
10000000000183.059
10000000000183.215
10000000000183.543
10000000000183.863
10000000000183.924
10000000000184.146
10000000000184.248
10000000000184.725
10000000000184.822
10000000000184.986
10000000000185.262
10000000000185.553
10000000000185.664
10000000000185.861
10000000000186.078
10000000000186.25
10000000000186.443
10000000000186.809
10000000000187.105
10000000000187.281
10000000000187.508
10000000000187.719
10000000000188.023
10000000000188.33
10000000000188.514
10000000000188.742
10000000000188.879
10000000000189.205
10000000000189.447
10000000000189.58
10000000000189.791
10000000000190.127
10000000000190.301
10000000000190.539
10000000000190.676
10000000000190.867
10000000000190.996
10000000000191.104
10000000000191.477
10000000000191.855
10000000000192.062
10000000000192.248
10000000000192.391
10000000000192.627
10000000000192.848
10000000000193.336
10000000000193.486
10000000000193.609
10000000000193.826
10000000000193.977
10000000000194.154
10000000000194.391
10000000000194.619
10000000000194.871
10000000000195.088
10000000000195.316
10000000000195.496
10000000000195.674
10000000000195.996
10000000000196.266
10000000000196.525
10000000000196.588
10000000000196.924
10000000000197.277
10000000000197.436
10000000000197.525
10000000000197.707
10000000000197.885
10000000000198.262
10000000000198.584
10000000000198.789
10000000000199.086
10000000000199.223
10000000000199.455
10000000000199.766
10000000000199.939
10000000000200.076
10000000000200.285
10000000000200.566
10000000000200.836
10000000000201.027
10000000000201.199
10000000000201.363
10000000000201.68
10000000000201.803
10000000000201.932
10000000000202.26
10000000000202.393
10000000000202.648
10000000000202.846
10000000000203.143
10000000000203.414
10000000000203.559
10000000000203.793
10000000000204.105
10000000000204.303
10000000000204.457
10000000000204.684
10000000000205.012
10000000000205.125
10000000000205.318
10000000000205.809
10000000000205.932
10000000000206.074
10000000000206.355
10000000000206.443
10000000000206.844
10000000000207.057
10000000000207.316
10000000000207.525
10000000000207.615
10000000000207.83
10000000000208.141
10000000000208.295
10000000000208.713
10000000000208.76
10000000000208.953
10000000000209.281
10000000000209.498
10000000000209.775
10000000000209.846
10000000000210.184
10000000000210.342
10000000000210.49
10000000000210.689
10000000000210.918
10000000000211.297
10000000000211.492
10000000000211.811
10000000000212.021
10000000000212.238
10000000000212.455
10000000000212.535
10000000000212.629
10000000000212.855
10000000000213.213
10000000000213.447
10000000000213.6
10000000000213.846
10000000000214.053
10000000000214.285
10000000000214.508
10000000000214.627
10000000000214.973
10000000000215.07
10000000000215.555
10000000000215.807
10000000000216.174
10000000000216.312
10000000000216.561
10000000000216.742
10000000000216.859
10000000000217.072
10000000000217.414
10000000000217.547
10000000000217.648
10000000000217.973
10000000000218.148
10000000000218.346
10000000000218.555
10000000000218.932
10000000000219.158
10000000000219.365
10000000000219.562
10000000000219.75
10000000000219.895
10000000000220.049
10000000000220.34
10000000000220.578
10000000000220.818
10000000000220.977
10000000000221.203
10000000000221.523
10000000000221.816
10000000000221.963
10000000000222.168
10000000000222.42
10000000000222.492
10000000000222.902
10000000000223.068
10000000000223.342
10000000000223.617
10000000000223.68
10000000000223.867
10000000000224.141
10000000000224.484
10000000000224.695
10000000000225.062
10000000000225.176
10000000000225.293
10000000000225.566
10000000000225.746
10000000000225.961
10000000000226.121
10000000000226.484
10000000000226.594
10000000000226.988
10000000000227.207
10000000000227.404
10000000000227.566
10000000000227.941
10000000000228.076
10000000000228.209
10000000000228.578
10000000000228.719
10000000000229.027
10000000000229.166
10000000000229.264
10000000000229.646
10000000000229.754
10000000000229.875
10000000000230.191
10000000000230.367
10000000000230.588
10000000000230.889
10000000000231.035
10000000000231.268
10000000000231.479
10000000000231.939
10000000000232.064
10000000000232.145
10000000000232.33
10000000000232.682
10000000000232.891
10000000000233.055
10000000000233.465
10000000000233.664
10000000000233.805
10000000000234.102
10000000000234.355
10000000000234.539
10000000000234.826
10000000000234.971
10000000000235.34
10000000000235.551
10000000000235.67
10000000000235.912
10000000000236.164
10000000000236.309
10000000000236.5
10000000000236.656
10000000000236.844
10000000000237.121
10000000000237.207
10000000000237.678
10000000000237.822
10000000000238.07
10000000000238.312
10000000000238.494
10000000000238.688
10000000000238.957
10000000000239.314
10000000000239.568
10000000000239.613
10000000000239.83
10000000000240.09
10000000000240.166
10000000000240.467
10000000000240.791
10000000000240.943
10000000000241.268
10000000000241.365
10000000000241.584
10000000000241.666
10000000000242.09
10000000000242.193
10000000000242.49
10000000000242.873
10000000000242.973
10000000000243.273
10000000000243.424
10000000000243.795
10000000000243.953
10000000000244.203
10000000000244.389
10000000000244.5
10000000000244.74
10000000000245.166
10000000000245.322
10000000000245.582
10000000000245.805
10000000000245.906
10000000000246.164
10000000000246.393
10000000000246.492
10000000000246.607
10000000000247.096
10000000000247.301
10000000000247.514
10000000000247.691
10000000000247.84
10000000000248.178
10000000000248.375
10000000000248.535
10000000000248.73
10000000000248.902
10000000000249.158
10000000000249.332
10000000000249.584
10000000000249.779
10000000000249.893
10000000000250.496
10000000000250.615
10000000000250.918
10000000000251.127
10000000000251.252
10000000000251.607
10000000000251.852
10000000000252.004
10000000000252.207
10000000000252.385
10000000000252.598
10000000000252.861
10000000000253.045
10000000000253.373
10000000000253.525
10000000000253.695
10000000000253.836
10000000000254.26
10000000000254.463
10000000000254.709
10000000000254.775
10000000000255.121
10000000000255.293
10000000000255.375
10000000000255.789
10000000000256.105
10000000000256.297
10000000000256.463
10000000000256.607
10000000000256.719
10000000000257.078
10000000000257.289
10000000000257.477
10000000000257.693
10000000000257.986
10000000000258.178
10000000000258.523
10000000000258.633
10000000000258.912
10000000000259.053
10000000000259.135
10000000000259.49
10000000000259.656
10000000000259.828
10000000000260.066
10000000000260.383
10000000000260.756
10000000000260.826
10000000000261.109
10000000000261.494
10000000000261.572
10000000000261.863
10000000000262.119
10000000000262.268
10000000000262.441
10000000000262.682
10000000000263.139
10000000000263.158
10000000000263.508
10000000000263.736
10000000000263.834
10000000000263.955
10000000000264.213
10000000000264.463
10000000000264.66
10000000000264.877
10000000000265.088
10000000000265.34
10000000000265.459
10000000000265.793
10000000000266.016
10000000000266.139
10000000000266.27
10000000000266.625
10000000000266.967
10000000000267.193
10000000000267.455
10000000000267.678
10000000000267.785
10000000000267.961
10000000000268.232
10000000000268.461
10000000000268.67
10000000000268.828
10000000000269.082
10000000000269.242
10000000000269.656
10000000000269.941
10000000000270.127
10000000000270.35
10000000000270.639
10000000000270.707
10000000000270.893
10000000000271.242
10000000000271.484
10000000000271.686
10000000000271.846
10000000000272.139
10000000000272.246
10000000000272.373
10000000000272.721
10000000000272.855
10000000000273.18
10000000000273.512
10000000000273.727
10000000000274.041
10000000000274.127
10000000000274.326
10000000000274.582
10000000000274.807
10000000000274.967
10000000000275.162
10000000000275.473
10000000000275.641
10000000000275.746
10000000000275.992
10000000000276.23
10000000000276.395
10000000000276.752
10000000000276.826
10000000000277.162
10000000000277.312
10000000000277.57
10000000000277.842
10000000000278.055
10000000000278.35
10000000000278.473
10000000000278.824
10000000000279.01
10000000000279.27
10000000000279.58
10000000000279.801
10000000000279.975
10000000000280.219
10000000000280.494
10000000000280.662
10000000000280.859
10000000000281.033
10000000000281.16
10000000000281.33
10000000000281.701
10000000000281.953
10000000000282.219
10000000000282.404
10000000000282.598
10000000000282.764
10000000000282.963
10000000000283.252
10000000000283.486
10000000000283.711
10000000000283.818
10000000000284.051
10000000000284.203
10000000000284.602
10000000000284.838
10000000000285.037
10000000000285.287
10000000000285.551
10000000000285.648
10000000000285.838
10000000000286.172
10000000000286.309
10000000000286.527
10000000000286.873
10000000000287.111
10000000000287.277
10000000000287.49
10000000000287.691
10000000000287.916
10000000000288.178
10000000000288.342
10000000000288.506
10000000000288.824
10000000000289.01
10000000000289.182
10000000000289.547
10000000000289.953
10000000000290.174
10000000000290.289
10000000000290.463
10000000000290.688
10000000000291.006
10000000000291.072
10000000000291.285
10000000000291.539
10000000000291.77
10000000000291.93
10000000000292.152
10000000000292.449
10000000000292.566
10000000000292.945
10000000000293.086
10000000000293.227
10000000000293.602
10000000000293.699
10000000000293.949
10000000000294.113
10000000000294.375
10000000000294.602
10000000000294.738
10000000000294.941
10000000000295.363
10000000000295.473
10000000000295.635
10000000000295.963
10000000000296.201
10000000000296.391
10000000000296.691
10000000000296.953
10000000000297.129
10000000000297.441
10000000000297.717
10000000000297.891
10000000000298.158
10000000000298.289
10000000000298.557
10000000000298.678
10000000000298.896
10000000000298.957
10000000000299.438
10000000000299.713
10000000000299.869
10000000000299.973
10000000000300.186
10000000000300.367
10000000000300.643
10000000000300.783
10000000000301.242
10000000000301.346
10000000000301.611
10000000000301.744
10000000000302.082
10000000000302.334
10000000000302.586
10000000000302.699
10000000000302.871
10000000000303.221
10000000000303.445
10000000000303.568
10000000000303.789
10000000000304.01
10000000000304.145
10000000000304.303
10000000000304.559
10000000000304.76
10000000000305.127
10000000000305.439
10000000000305.586
10000000000305.949
10000000000306.043
10000000000306.254
10000000000306.467
10000000000306.715
10000000000307.17
10000000000307.203
10000000000307.473
10000000000307.658
10000000000307.871
10000000000308.047
10000000000308.391
10000000000308.445
10000000000308.873
10000000000309.131
10000000000309.254
10000000000309.416
10000000000309.793
10000000000309.916
10000000000310.084
10000000000310.33
10000000000310.588
10000000000310.666
10000000000310.926
10000000000310.984
10000000000311.344
10000000000311.57
10000000000311.854
10000000000312.062
10000000000312.193
10000000000312.42
10000000000312.785
10000000000312.949
10000000000313.168
10000000000313.41
10000000000313.639
10000000000313.973
10000000000314.213
10000000000314.402
10000000000314.498
10000000000314.768
10000000000314.893
10000000000315.219
10000000000315.443
10000000000315.738
10000000000316.043
10000000000316.146
10000000000316.348
10000000000316.615
10000000000316.865
10000000000317.088
10000000000317.293
10000000000317.393
10000000000317.646
10000000000317.795
10000000000318.172
10000000000318.352
10000000000318.656
10000000000318.951
10000000000319.088
10000000000319.27
10000000000319.537
10000000000319.734
10000000000319.861
10000000000320.066
10000000000320.402
10000000000320.631
10000000000320.734
10000000000321.094
10000000000321.162
10000000000321.4
10000000000321.734
10000000000322.023
10000000000322.207
10000000000322.33
10000000000322.521
10000000000322.682
10000000000322.977
10000000000323.078
10000000000323.301
10000000000323.684
10000000000323.914
10000000000324.111
10000000000324.408
10000000000324.711
10000000000324.992
10000000000325.287
10000000000325.412
10000000000325.564
10000000000325.922
10000000000326.115
10000000000326.225
10000000000326.393
10000000000326.588
10000000000326.914
10000000000327.146
10000000000327.379
10000000000327.484
10000000000327.742
10000000000327.977
10000000000328.092
10000000000328.232
10000000000328.467
10000000000328.984
10000000000329.236
10000000000329.393
10000000000329.514
10000000000329.84
10000000000329.936
10000000000330.051
10000000000330.379
10000000000330.537
10000000000330.82
10000000000331.016
10000000000331.43
10000000000331.549
10000000000331.73
10000000000332.014
10000000000332.15
10000000000332.564
10000000000332.629
10000000000332.826
10000000000333.104
10000000000333.332
10000000000333.574
10000000000333.822
10000000000334.121
10000000000334.297
10000000000334.453
10000000000334.629
10000000000334.92
10000000000335.125
10000000000335.4
10000000000335.467
10000000000335.898
10000000000336.164
10000000000336.297
10000000000336.451
10000000000336.734
10000000000337.039
10000000000337.258
10000000000337.438
10000000000337.58
10000000000337.777
10000000000338.057
10000000000338.303
10000000000338.566
10000000000338.719
10000000000338.879
10000000000338.955
10000000000339.309
10000000000339.486
10000000000339.748
10000000000339.99
10000000000340.184
10000000000340.43
10000000000340.596
10000000000340.865
10000000000341.061
10000000000341.457
10000000000341.57
10000000000341.854
10000000000342.096
10000000000342.502
10000000000342.65
10000000000342.748
10000000000343.033
10000000000343.088
10000000000343.291
10000000000343.795
10000000000343.9
10000000000344.158
10000000000344.391
10000000000344.609
10000000000344.723
10000000000345.014
10000000000345.289
10000000000345.484
10000000000345.664
10000000000345.842
10000000000346.055
10000000000346.25
10000000000346.484
10000000000346.6
10000000000346.824
10000000000347.275
10000000000347.395
10000000000347.607
10000000000347.939
10000000000348.191
10000000000348.369
10000000000348.635
10000000000348.807
10000000000348.99
10000000000349.215
10000000000349.342
10000000000349.66
10000000000349.779
10000000000350.045
10000000000350.287
10000000000350.455
10000000000350.699
10000000000350.873
10000000000351.268
10000000000351.426
10000000000351.754
10000000000351.955
10000000000352.146
10000000000352.285
10000000000352.627
10000000000352.857
10000000000353.104
10000000000353.309
10000000000353.605
10000000000353.805
10000000000354.025
10000000000354.217
10000000000354.443
10000000000354.492
10000000000354.824
10000000000355.016
10000000000355.24
10000000000355.572
10000000000355.777
10000000000355.973
10000000000356.035
10000000000356.352
10000000000356.555
10000000000356.861
10000000000357.021
10000000000357.127
10000000000357.387
10000000000357.672
10000000000357.818
10000000000358.188
10000000000358.338
10000000000358.5
10000000000358.916
10000000000359.018
10000000000359.088
10000000000359.488
10000000000359.67
10000000000359.896
10000000000360.252
10000000000360.422
10000000000360.783
10000000000361.109
10000000000361.164
10000000000361.484
10000000000361.557
10000000000361.727
10000000000361.908
10000000000362.139
10000000000362.428
10000000000362.557
10000000000362.791
10000000000363.057
10000000000363.271
10000000000363.619
10000000000363.699
10000000000364.111
10000000000364.293
10000000000364.414
10000000000364.676
10000000000364.934
10000000000365.09
10000000000365.326
10000000000365.6
10000000000365.861
10000000000365.928
10000000000366.266
10000000000366.412
10000000000366.549
10000000000366.723
10000000000366.998
10000000000367.34
10000000000367.578
10000000000367.758
10000000000367.924
10000000000368.26
10000000000368.359
10000000000368.646
10000000000368.816
10000000000368.941
10000000000369.402
10000000000369.537
10000000000369.756
10000000000370.016
10000000000370.365
10000000000370.449
10000000000370.711
10000000000371.043
10000000000371.316
10000000000371.508
10000000000371.699
10000000000371.928
10000000000372.021
10000000000372.338
10000000000372.514
10000000000372.686
10000000000372.902
10000000000373.055
10000000000373.404
10000000000373.625
10000000000373.883
10000000000374.105
10000000000374.205
10000000000374.453
10000000000374.59
10000000000374.764
10000000000375.014
10000000000375.34
10000000000375.543
10000000000375.715
10000000000376.18
10000000000376.432
10000000000376.539
10000000000376.646
10000000000376.98
10000000000377.123
10000000000377.342
10000000000377.561
10000000000377.838
10000000000378.096
10000000000378.188
10000000000378.631
10000000000378.764
10000000000378.934
10000000000379.098
10000000000379.33
10000000000379.729
10000000000380.047
10000000000380.156
10000000000380.393
10000000000380.533
10000000000380.725
10000000000380.932
10000000000381.297
10000000000381.506
10000000000381.578
10000000000381.84
10000000000382.129
10000000000382.318
10000000000382.498
10000000000382.832
10000000000383.061
10000000000383.246
10000000000383.498
10000000000383.709
10000000000383.893
10000000000384.096
10000000000384.365
10000000000384.516
10000000000384.762
10000000000384.945
10000000000385.236
10000000000385.316
10000000000385.521
10000000000385.721
10000000000386.008
10000000000386.162
10000000000386.389
10000000000386.836
10000000000386.895
10000000000387.242
10000000000387.732
10000000000387.793
10000000000388.012
10000000000388.146
10000000000388.436
10000000000388.553
10000000000388.895
10000000000389.096
10000000000389.318
10000000000389.549
10000000000389.775
10000000000389.967
10000000000390.15
10000000000390.402
10000000000390.602
10000000000390.756
10000000000391.066
10000000000391.277
10000000000391.467
10000000000391.643
10000000000391.953
10000000000392.104
10000000000392.326
10000000000392.562
10000000000392.799
10000000000393.102
10000000000393.268
10000000000393.525
10000000000393.801
10000000000393.943
10000000000394.059
10000000000394.34
10000000000394.441
10000000000394.848
10000000000395.133
10000000000395.232
10000000000395.527
10000000000395.711
10000000000395.938
10000000000396.195
10000000000396.385
10000000000396.555
10000000000396.846
10000000000397.041
10000000000397.383
10000000000397.543
10000000000397.752
10000000000397.973
10000000000398.184
10000000000398.402
10000000000398.664
10000000000398.883
10000000000399.139
10000000000399.395
10000000000399.66
10000000000399.924
10000000000400.133
10000000000400.312
10000000000400.564
10000000000400.752
10000000000400.84
10000000000401.059
10000000000401.248
10000000000401.387
10000000000401.646
10000000000401.869
10000000000402.215
10000000000402.498
10000000000402.641
10000000000402.891
10000000000403.131
10000000000403.197
10000000000403.537
10000000000403.666
10000000000403.965
10000000000404.203
10000000000404.377
10000000000404.662
10000000000404.812
10000000000405.037
10000000000405.234
10000000000405.852
10000000000405.949
10000000000406.025
10000000000406.354
10000000000406.391
10000000000406.742
10000000000406.963
10000000000407.252
10000000000407.49
10000000000407.781
10000000000407.824
10000000000408.008
10000000000408.256
10000000000408.434
10000000000408.643
10000000000408.943
10000000000409.129
10000000000409.289
10000000000409.486
10000000000409.834
10000000000410.129
10000000000410.361
10000000000410.484
10000000000410.701
10000000000411.004
10000000000411.242
10000000000411.336
10000000000411.584
10000000000411.891
10000000000412.025
10000000000412.336
10000000000412.541
10000000000412.654
10000000000412.865
10000000000413.012
10000000000413.459
10000000000413.625
10000000000413.736
10000000000413.885
10000000000414.148
10000000000414.463
10000000000414.66
10000000000414.988
10000000000415.203
10000000000415.615
10000000000415.727
10000000000415.92
10000000000416.189
10000000000416.393
10000000000416.621
10000000000416.889
10000000000416.99
10000000000417.324
10000000000417.4
10000000000417.541
10000000000417.861
10000000000418.16
10000000000418.387
10000000000418.625
10000000000418.834
10000000000419.047
10000000000419.182
10000000000419.502
10000000000419.699
10000000000419.848
10000000000419.967
10000000000420.209
10000000000420.559
10000000000420.729
10000000000420.918
10000000000421.035
10000000000421.332
10000000000421.611
10000000000421.832
10000000000422.137
10000000000422.404
10000000000422.67
10000000000422.867
10000000000423.008
10000000000423.207
10000000000423.477
10000000000423.67
10000000000423.969
10000000000424.18
10000000000424.432
10000000000424.543
10000000000424.865
10000000000424.957
10000000000425.391
10000000000425.482
10000000000425.627
10000000000425.914
10000000000426.246
10000000000426.434
10000000000426.5
10000000000426.854
10000000000427.188
10000000000427.318
10000000000427.479
10000000000427.717
10000000000427.961
10000000000428.262
10000000000428.314
10000000000428.623
10000000000428.85
10000000000429.016
10000000000429.395
10000000000429.523
10000000000429.73
10000000000429.936
10000000000430.035
10000000000430.457
10000000000430.564
10000000000430.705
10000000000430.906
10000000000431.135
10000000000431.479
10000000000431.779
10000000000431.961
10000000000432.221
10000000000432.391
10000000000432.586
10000000000432.639
10000000000432.943
10000000000433.273
10000000000433.682
10000000000433.99
10000000000434.127
10000000000434.316
10000000000434.535
10000000000434.633
10000000000434.93
10000000000435.221
10000000000435.49
10000000000435.607
10000000000435.744
10000000000436.051
10000000000436.193
10000000000436.398
10000000000436.602
10000000000436.859
10000000000436.953
10000000000437.312
10000000000437.467
10000000000437.816
10000000000437.961
10000000000438.102
10000000000438.453
10000000000438.672
10000000000438.971
10000000000439.213
10000000000439.338
10000000000439.51
10000000000439.844
10000000000440.01
10000000000440.15
10000000000440.479
10000000000440.582
10000000000440.785
10000000000440.943
10000000000441.289
10000000000441.684
10000000000441.736
10000000000442.143
10000000000442.426
10000000000442.531
10000000000442.797
10000000000442.98
10000000000443.133
10000000000443.258
10000000000443.49
10000000000443.725
10000000000444.037
10000000000444.35
10000000000444.652
10000000000444.828
10000000000444.957
10000000000445.186
10000000000445.428
10000000000445.656
10000000000445.873
10000000000446.053
10000000000446.373
10000000000446.553
10000000000446.775
10000000000446.865
10000000000447.15
10000000000447.449
10000000000447.682
10000000000447.809
10000000000447.92
10000000000448.172
10000000000448.342
10000000000448.709
10000000000448.848
10000000000449.105
10000000000449.336
10000000000449.477
10000000000449.844
10000000000450.061
10000000000450.211
10000000000450.486
10000000000450.834
10000000000451.078
10000000000451.301
10000000000451.5
10000000000451.721
10000000000451.982
10000000000452.238
10000000000452.299
10000000000452.678
10000000000452.729
10000000000452.828
10000000000453.283
10000000000453.455
10000000000453.699
10000000000453.916
10000000000454.104
10000000000454.393
10000000000454.516
10000000000454.791
10000000000455.1
10000000000455.221
10000000000455.373
10000000000455.535
10000000000455.828
10000000000456.223
10000000000456.393
10000000000456.51
10000000000456.723
10000000000456.924
10000000000457.039
10000000000457.578
10000000000457.906
10000000000457.936
10000000000458.23
10000000000458.275
10000000000458.506
10000000000458.678
10000000000458.939
10000000000459.129
10000000000459.584
10000000000459.631
10000000000459.758
10000000000459.961
10000000000460.301
10000000000460.629
10000000000460.85
10000000000461.127
10000000000461.307
10000000000461.543
10000000000461.797
10000000000462.105
10000000000462.309
10000000000462.439
10000000000462.643
10000000000462.797
10000000000463.141
10000000000463.352
10000000000463.5
10000000000463.76
10000000000463.896
10000000000464.254
10000000000464.422
10000000000464.615
10000000000464.791
10000000000464.887
10000000000465.299
10000000000465.496
10000000000465.664
10000000000466.053
10000000000466.121
10000000000466.275
10000000000466.576
10000000000466.771
10000000000466.92
10000000000467.236
10000000000467.479
10000000000467.748
10000000000467.973
10000000000468.189
10000000000468.416
10000000000468.545
10000000000468.877
10000000000469.215
10000000000469.404
10000000000469.5
10000000000469.781
10000000000470.127
10000000000470.211
10000000000470.525
10000000000470.705
10000000000470.965
10000000000471.178
10000000000471.291
10000000000471.615
10000000000471.717
10000000000472.008
10000000000472.105
10000000000472.373
10000000000472.576
10000000000472.75
10000000000473.201
10000000000473.355
10000000000473.717
10000000000473.969
10000000000474.227
10000000000474.277
10000000000474.473
10000000000474.559
10000000000474.916
10000000000475.088
10000000000475.174
10000000000475.531
10000000000475.703
10000000000475.975
10000000000476.262
10000000000476.344
10000000000476.648
10000000000476.818
10000000000477.074
10000000000477.268
10000000000477.539
10000000000477.719
10000000000478
10000000000478.348
10000000000478.506
10000000000478.787
10000000000478.996
10000000000479.215
10000000000479.367
10000000000479.682
10000000000479.861
10000000000480.061
10000000000480.246
10000000000480.717
10000000000480.764
10000000000481.143
10000000000481.301
10000000000481.426
10000000000481.564
10000000000481.84
10000000000482.002
10000000000482.281
10000000000482.52
10000000000482.66
10000000000482.855
10000000000483.172
10000000000483.32
10000000000483.51
10000000000483.738
10000000000483.98
10000000000484.408
10000000000484.539
10000000000484.693
10000000000484.959
10000000000485.137
10000000000485.334
10000000000485.611
10000000000485.873
10000000000486.139
10000000000486.328
10000000000486.443
10000000000486.812
10000000000487.018
10000000000487.129
10000000000487.453
10000000000487.637
10000000000487.908
10000000000488.105
10000000000488.273
10000000000488.502
10000000000488.801
10000000000489.027
10000000000489.229
10000000000489.576
10000000000489.721
10000000000489.92
10000000000490.143
10000000000490.332
10000000000490.58
10000000000490.893
10000000000491.051
10000000000491.26
10000000000491.398
10000000000491.73
10000000000491.99
10000000000492.059
10000000000492.305
10000000000492.508
10000000000492.773
10000000000492.947
10000000000493.352
10000000000493.467
10000000000493.73
10000000000493.904
10000000000494.061
10000000000494.334
10000000000494.482
10000000000494.588
10000000000494.9
10000000000495.094
10000000000495.215
10000000000495.701
10000000000495.908
10000000000496.213
10000000000496.436
10000000000496.672
10000000000496.949
10000000000497.107
10000000000497.449
10000000000497.68
10000000000497.77
10000000000498.08
10000000000498.211
10000000000498.42
10000000000498.549
10000000000498.809
10000000000499.066
10000000000499.113
10000000000499.506
10000000000499.814
10000000000499.945
10000000000500.199
10000000000500.434
10000000000500.598
10000000000500.848
10000000000501.096
10000000000501.188
10000000000501.346
10000000000501.762
10000000000501.98
10000000000502.207
10000000000502.398
10000000000502.695
10000000000502.859
10000000000503.088
10000000000503.305
10000000000503.451
10000000000503.688
10000000000503.85
10000000000504.219
10000000000504.311
10000000000504.557
10000000000504.936
10000000000505.125
10000000000505.287
10000000000505.539
10000000000505.787
10000000000505.928
10000000000506.205
10000000000506.549
10000000000506.721
10000000000506.887
10000000000507.062
10000000000507.293
10000000000507.58
10000000000507.832
10000000000508.129
10000000000508.26
10000000000508.637
10000000000508.756
10000000000509.01
10000000000509.1
10000000000509.312
10000000000509.639
10000000000509.736
10000000000510.111
10000000000510.299
10000000000510.428
10000000000510.746
10000000000510.871
10000000000511.002
10000000000511.164
10000000000511.34
10000000000511.643
10000000000511.98
10000000000512.303
10000000000512.357
10000000000512.689
10000000000512.895
10000000000513.137
10000000000513.447
10000000000513.617
10000000000513.826
10000000000514.043
10000000000514.176
10000000000514.42
10000000000514.67
10000000000515.012
10000000000515.188
10000000000515.459
10000000000515.82
10000000000515.898
10000000000516.082
10000000000516.391
10000000000516.598
10000000000516.787
10000000000516.869
10000000000517.104
10000000000517.23
10000000000517.742
10000000000517.992
10000000000518.09
10000000000518.186
10000000000518.346
10000000000518.613
10000000000519.057
10000000000519.234
10000000000519.389
10000000000519.586
10000000000519.883
10000000000520.18
10000000000520.482
10000000000520.562
10000000000520.629
10000000000520.945
10000000000521.186
10000000000521.326
10000000000521.668
10000000000521.795
10000000000521.867
10000000000522.289
10000000000522.42
10000000000522.723
10000000000522.902
10000000000523.189
10000000000523.352
10000000000523.561
10000000000523.943
10000000000524.248
10000000000524.283
10000000000524.471
10000000000524.973
10000000000525.047
10000000000525.416
10000000000525.58
10000000000525.799
10000000000526.041
10000000000526.09
10000000000526.328
10000000000526.547
10000000000526.885
10000000000527.002
10000000000527.145
10000000000527.439
10000000000527.619
10000000000527.91
10000000000528.24
10000000000528.305
10000000000528.561
10000000000528.809
10000000000528.957
10000000000529.18
10000000000529.467
10000000000529.66
10000000000529.814
10000000000530.086
10000000000530.24
10000000000530.428
10000000000530.797
10000000000531.088
10000000000531.197
10000000000531.375
10000000000531.76
10000000000531.92
10000000000532.312
10000000000532.396
10000000000532.773
10000000000532.861
10000000000532.988
10000000000533.275
10000000000533.5
10000000000533.768
10000000000533.982
10000000000534.135
10000000000534.369
10000000000534.666
10000000000534.764
10000000000535.039
10000000000535.174
10000000000535.537
10000000000535.834
10000000000536.102
10000000000536.303
10000000000536.498
10000000000536.633
10000000000536.867
10000000000537.084
10000000000537.303
10000000000537.51
10000000000537.66
10000000000537.957
10000000000538.242
10000000000538.488
10000000000538.574
10000000000538.783
10000000000538.957
10000000000539.248
10000000000539.518
10000000000539.676
10000000000539.996
10000000000540.143
10000000000540.451
10000000000540.521
10000000000540.713
10000000000540.939
10000000000541.121
10000000000541.625
10000000000541.924
10000000000542.068
10000000000542.326
10000000000542.51
10000000000542.699
10000000000543.023
10000000000543.217
10000000000543.348
10000000000543.574
10000000000543.721
10000000000544.086
10000000000544.365
10000000000544.604
10000000000544.861
10000000000544.965
10000000000545.039
10000000000545.281
10000000000545.58
10000000000545.713
10000000000545.887
10000000000546.158
10000000000546.461
10000000000546.52
10000000000546.793
10000000000547.152
10000000000547.434
10000000000547.711
10000000000547.773
10000000000548.029
10000000000548.23
10000000000548.377
10000000000548.793
10000000000548.969
10000000000549.162
10000000000549.332
10000000000549.592
10000000000549.742
10000000000549.914
10000000000550.195
10000000000550.404
10000000000550.596
10000000000550.906
10000000000551.271
10000000000551.537
10000000000551.666
10000000000551.844
10000000000552.09
10000000000552.352
10000000000552.654
10000000000552.727
10000000000553.029
10000000000553.088
10000000000553.23
10000000000553.754
10000000000553.934
10000000000554.006
10000000000554.402
10000000000554.572
10000000000554.85
10000000000554.973
10000000000555.229
10000000000555.434
10000000000555.752
10000000000555.9
10000000000556.084
10000000000556.252
10000000000556.439
10000000000556.533
10000000000556.844
10000000000557.178
10000000000557.461
10000000000557.541
10000000000557.811
10000000000558.014
10000000000558.199
10000000000558.389
10000000000558.658
10000000000558.922
10000000000559.217
10000000000559.518
10000000000559.811
10000000000559.938
10000000000560.178
10000000000560.461
10000000000560.65
10000000000560.9
10000000000561.043
10000000000561.146
10000000000561.559
10000000000561.666
10000000000561.867
10000000000562.143
10000000000562.523
10000000000562.572
10000000000562.82
10000000000562.971
10000000000563.133
10000000000563.312
10000000000563.643
10000000000564.002
10000000000564.17
10000000000564.402
10000000000564.639
10000000000564.842
10000000000565.055
10000000000565.225
10000000000565.369
10000000000565.699
10000000000565.865
10000000000566.205
10000000000566.248
10000000000566.551
10000000000566.773
10000000000567.059
10000000000567.264
10000000000567.396
10000000000567.729
10000000000567.941
10000000000568.162
10000000000568.336
10000000000568.49
10000000000568.818
10000000000569.01
10000000000569.184
10000000000569.533
10000000000569.645
10000000000569.871
10000000000570.25
10000000000570.428
10000000000570.816
10000000000571.09
10000000000571.188
10000000000571.328
10000000000571.631
10000000000571.854
10000000000571.926
10000000000572.199
10000000000572.48
10000000000572.688
10000000000572.857
10000000000572.932
10000000000573.299
10000000000573.43
10000000000573.715
10000000000573.918
10000000000574.258
10000000000574.447
10000000000574.543
10000000000574.812
10000000000575.002
10000000000575.234
10000000000575.447
10000000000575.719
10000000000575.9
10000000000576.277
10000000000576.447
10000000000576.637
10000000000576.824
10000000000576.953
10000000000577.355
10000000000577.545
10000000000577.785
10000000000578.053
10000000000578.256
10000000000578.588
10000000000578.783
10000000000578.936
10000000000579.186
10000000000579.318
10000000000579.523
10000000000579.896
10000000000580.041
10000000000580.295
10000000000580.426
10000000000580.6
10000000000580.832
10000000000581.211
10000000000581.361
10000000000581.619
10000000000581.76
10000000000582.109
10000000000582.232
10000000000582.307
10000000000582.777
10000000000583.045
10000000000583.199
10000000000583.377
10000000000583.602
10000000000583.881
10000000000584.078
10000000000584.318
10000000000584.387
10000000000584.627
10000000000584.812
10000000000585.098
10000000000585.26
10000000000585.451
10000000000585.514
10000000000585.992
10000000000586.23
10000000000586.486
10000000000586.754
10000000000586.971
10000000000587.246
10000000000587.461
10000000000587.707
10000000000587.857
10000000000588.164
10000000000588.262
10000000000588.66
10000000000588.822
10000000000588.979
10000000000589.34
10000000000589.441
10000000000589.51
10000000000589.922
10000000000590.137
10000000000590.285
10000000000590.543
10000000000590.758
10000000000591.088
10000000000591.311
10000000000591.369
10000000000591.527
10000000000591.891
10000000000592.02
10000000000592.195
10000000000592.365
10000000000592.654
10000000000592.965
10000000000593.08
10000000000593.275
10000000000593.744
10000000000594.035
10000000000594.236
10000000000594.307
10000000000594.551
10000000000594.693
10000000000594.957
10000000000595.092
10000000000595.402
10000000000595.592
10000000000595.883
10000000000596.193
10000000000596.467
10000000000596.59
10000000000596.803
10000000000597.021
10000000000597.201
10000000000597.371
10000000000597.607
10000000000597.992
10000000000598.164
10000000000598.4
10000000000598.617
10000000000598.867
10000000000599.064
10000000000599.168
10000000000599.518
10000000000599.906
10000000000600.037
10000000000600.248
10000000000600.402
10000000000600.477
10000000000600.773
10000000000601.039
10000000000601.17
10000000000601.295
10000000000601.791
10000000000602.037
10000000000602.072
10000000000602.324
10000000000602.455
10000000000602.812
10000000000603.07
10000000000603.232
10000000000603.377
10000000000603.574
10000000000603.814
10000000000604.057
10000000000604.312
10000000000604.666
10000000000604.82
10000000000605.104
10000000000605.17
10000000000605.404
10000000000605.928
10000000000606.203
10000000000606.336
10000000000606.5
10000000000606.688
10000000000606.98
10000000000607.164
10000000000607.338
10000000000607.602
10000000000607.684
10000000000607.902
10000000000608.203
10000000000608.32
10000000000608.576
10000000000608.781
10000000000609.025
10000000000609.326
10000000000609.578
10000000000609.684
10000000000609.975
10000000000610.242
10000000000610.449
10000000000610.592
10000000000610.975
10000000000611.225
10000000000611.369
10000000000611.426
10000000000611.701
10000000000611.932
10000000000612.074
10000000000612.311
10000000000612.684
10000000000612.85
10000000000613.188
10000000000613.387
10000000000613.502
10000000000613.656
10000000000613.871
10000000000614.203
10000000000614.494
10000000000614.777
10000000000614.889
10000000000615.076
10000000000615.344
10000000000615.693
10000000000615.791
10000000000616.129
10000000000616.27
10000000000616.553
10000000000616.719
10000000000616.881
10000000000617.195
10000000000617.449
10000000000617.584
10000000000617.859
10000000000618.148
10000000000618.369
10000000000618.621
10000000000618.682
10000000000618.797
10000000000619.09
10000000000619.291
10000000000619.518
10000000000619.857
10000000000620.029
10000000000620.217
10000000000620.393
10000000000620.689
10000000000620.771
10000000000620.893
10000000000621.291
10000000000621.578
10000000000621.785
10000000000622.01
10000000000622.354
10000000000622.629
10000000000622.725
10000000000623.006
10000000000623.297
10000000000623.422
10000000000623.562
10000000000623.996
10000000000624.174
10000000000624.215
10000000000624.414
10000000000624.746
10000000000624.986
10000000000625.158
10000000000625.539
10000000000625.723
10000000000625.914
10000000000626.227
10000000000626.346
10000000000626.543
10000000000626.684
10000000000626.926
10000000000627
10000000000627.373
10000000000627.766
10000000000627.846
10000000000628.033
10000000000628.465
10000000000628.506
10000000000628.764
10000000000629.068
10000000000629.266
10000000000629.387
10000000000629.514
10000000000629.908
10000000000630.131
10000000000630.359
10000000000630.523
10000000000630.723
10000000000630.91
10000000000631.016
10000000000631.438
10000000000631.623
10000000000631.779
10000000000631.852
10000000000632.314
10000000000632.652
10000000000632.818
10000000000633.029
10000000000633.389
10000000000633.648
10000000000633.787
10000000000633.963
10000000000634.164
10000000000634.527
10000000000634.584
10000000000634.801
10000000000635.01
10000000000635.408
10000000000635.568
10000000000635.738
10000000000635.936
10000000000636.141
10000000000636.297
10000000000636.533
10000000000636.797
10000000000637.043
10000000000637.209
10000000000637.322
10000000000637.654
10000000000637.893
10000000000638.164
10000000000638.367
10000000000638.561
10000000000638.918
10000000000639.08
10000000000639.189
10000000000639.355
10000000000639.611
10000000000639.936
10000000000640.16
10000000000640.371
10000000000640.533
10000000000640.744
10000000000641.244
10000000000641.361
10000000000641.467
10000000000641.783
10000000000641.979
10000000000642.342
10000000000642.582
10000000000642.615
10000000000642.895
10000000000643.109
10000000000643.182
10000000000643.441
10000000000643.621
10000000000644.012
10000000000644.145
10000000000644.352
10000000000644.814
10000000000644.961
10000000000645.189
10000000000645.428
10000000000645.512
10000000000645.76
10000000000646.125
10000000000646.271
10000000000646.557
10000000000646.605
10000000000646.777
10000000000646.969
10000000000647.25
10000000000647.594
10000000000647.727
10000000000647.859
10000000000648.105
10000000000648.367
10000000000648.568
10000000000648.824
10000000000649.117
10000000000649.363
10000000000649.533
10000000000649.697
10000000000649.865
10000000000650.107
10000000000650.5
10000000000650.82
10000000000650.975
10000000000651.123
10000000000651.432
10000000000651.732
10000000000651.807
10000000000652.195
10000000000652.377
10000000000652.494
10000000000652.684
10000000000653.004
10000000000653.191
10000000000653.395
10000000000653.523
10000000000653.832
10000000000654.037
10000000000654.266
10000000000654.521
10000000000654.658
10000000000654.904
10000000000655.008
10000000000655.393
10000000000655.602
10000000000655.803
10000000000655.871
10000000000656.172
10000000000656.459
10000000000656.779
10000000000657.016
10000000000657.164
10000000000657.312
10000000000657.744
10000000000657.887
10000000000658.082
10000000000658.186
10000000000658.559
10000000000658.684
10000000000658.783
10000000000659.049
10000000000659.268
10000000000659.588
10000000000660.029
10000000000660.102
10000000000660.354
10000000000660.457
10000000000660.768
10000000000660.965
10000000000661.168
10000000000661.463
10000000000661.689
10000000000662.1
10000000000662.148
10000000000662.48
10000000000662.57
10000000000662.797
10000000000663.059
10000000000663.119
10000000000663.26
10000000000663.566
10000000000663.891
10000000000664.158
10000000000664.43
10000000000664.578
10000000000664.863
10000000000665.033
10000000000665.221
10000000000665.408
10000000000665.568
10000000000665.754
10000000000666.008
10000000000666.223
10000000000666.338
10000000000666.77
10000000000666.904
10000000000667.055
10000000000667.455
10000000000667.625
10000000000667.883
10000000000668.107
10000000000668.467
10000000000668.725
10000000000668.834
10000000000669.104
10000000000669.332
10000000000669.492
10000000000669.797
10000000000669.928
10000000000670.15
10000000000670.439
10000000000670.705
10000000000670.887
10000000000670.947
10000000000671.252
10000000000671.387
10000000000671.676
10000000000671.924
10000000000672.07
10000000000672.402
10000000000672.559
10000000000672.896
10000000000673.123
10000000000673.221
10000000000673.516
10000000000673.711
10000000000673.93
10000000000674.088
10000000000674.404
10000000000674.719
10000000000674.924
10000000000675.016
10000000000675.191
10000000000675.422
10000000000675.598
10000000000675.959
10000000000676.068
10000000000676.33
10000000000676.543
10000000000676.828
10000000000676.92
10000000000677.383
10000000000677.609
10000000000677.732
10000000000677.924
10000000000678.123
10000000000678.508
10000000000678.666
10000000000678.83
10000000000678.943
10000000000679.436
10000000000679.561
10000000000679.914
10000000000680.025
10000000000680.262
10000000000680.682
10000000000680.795
10000000000680.916
10000000000681.074
10000000000681.361
10000000000681.523
10000000000681.812
10000000000681.984
10000000000682.152
10000000000682.404
10000000000682.584
10000000000682.705
10000000000683.096
10000000000683.252
10000000000683.389
10000000000683.625
10000000000684.129
10000000000684.244
10000000000684.463
10000000000684.662
10000000000684.807
10000000000685.133
10000000000685.262
10000000000685.508
10000000000685.77
10000000000685.893
10000000000686.404
10000000000686.543
10000000000686.65
10000000000686.854
10000000000687.084
10000000000687.402
10000000000687.693
10000000000687.951
10000000000688.186
10000000000688.236
10000000000688.443
10000000000688.699
10000000000688.904
10000000000689.215
10000000000689.342
10000000000689.586
10000000000689.824
10000000000690.023
10000000000690.197
10000000000690.463
10000000000690.77
10000000000690.926
10000000000691.299
10000000000691.457
10000000000691.594
10000000000691.879
10000000000692.133
10000000000692.223
10000000000692.395
10000000000692.705
10000000000692.92
10000000000693.168
10000000000693.467
10000000000693.564
10000000000693.775
10000000000693.973
10000000000694.148
10000000000694.537
10000000000694.588
10000000000694.82
10000000000695.025
10000000000695.242
10000000000695.564
10000000000695.783
10000000000696.193
10000000000696.564
10000000000696.719
10000000000696.936
10000000000697.156
10000000000697.238
10000000000697.373
10000000000697.602
10000000000697.922
10000000000698.234
10000000000698.344
10000000000698.504
10000000000698.701
10000000000699.023
10000000000699.17
10000000000699.471
10000000000699.695
10000000000699.928
10000000000700.162
10000000000700.293
10000000000700.438
10000000000700.73
10000000000701.029
10000000000701.152
10000000000701.408
10000000000701.59
10000000000701.818
10000000000702.023
10000000000702.279
10000000000702.623
10000000000702.771
10000000000703.027
10000000000703.105
10000000000703.438
10000000000703.639
10000000000703.994
10000000000704.117
10000000000704.475
10000000000704.672
10000000000704.84
10000000000704.947
10000000000705.178
10000000000705.32
10000000000705.779
10000000000705.85
10000000000705.998
10000000000706.541
10000000000706.822
10000000000706.871
10000000000707.018
10000000000707.129
10000000000707.484
10000000000707.732
10000000000708.09
10000000000708.238
10000000000708.436
10000000000708.561
10000000000708.902
10000000000709.064
10000000000709.459
10000000000709.566
10000000000709.648
10000000000709.959
10000000000710.064
10000000000710.334
10000000000710.49
10000000000710.795
10000000000710.975
10000000000711.303
10000000000711.465
10000000000711.689
10000000000711.805
10000000000712.143
10000000000712.346
10000000000712.504
10000000000712.787
10000000000712.994
10000000000713.285
10000000000713.529
10000000000713.768
10000000000714.012
10000000000714.322
10000000000714.467
10000000000714.576
10000000000714.84
10000000000715.252
10000000000715.51
10000000000715.68
10000000000715.73
10000000000716.07
10000000000716.254
10000000000716.494
10000000000716.738
10000000000716.875
10000000000717.029
10000000000717.258
10000000000717.594
10000000000717.783
10000000000717.906
10000000000718.049
10000000000718.297
10000000000718.572
10000000000718.873
10000000000719.223
10000000000719.396
10000000000719.662
10000000000719.893
10000000000719.99
10000000000720.254
10000000000720.475
10000000000720.686
10000000000720.828
10000000000721.076
10000000000721.191
10000000000721.457
10000000000721.775
10000000000721.871
10000000000722.121
10000000000722.549
10000000000722.662
10000000000722.893
10000000000723.199
10000000000723.361
10000000000723.598
10000000000723.838
10000000000724.025
10000000000724.373
10000000000724.512
10000000000724.688
10000000000725.002
10000000000725.211
10000000000725.383
10000000000725.691
10000000000725.84
10000000000726.08
10000000000726.436
10000000000726.564
10000000000726.832
10000000000726.975
10000000000727.129
10000000000727.262
10000000000727.605
10000000000727.734
10000000000728.123
10000000000728.389
10000000000728.463
10000000000728.705
10000000000728.898
10000000000729.139
10000000000729.184
10000000000729.432
10000000000729.762
10000000000729.904
10000000000730.248
10000000000730.576
10000000000730.748
10000000000730.955
10000000000731.158
10000000000731.406
10000000000731.672
10000000000731.893
10000000000732.162
10000000000732.375
10000000000732.49
10000000000733.006
10000000000733.109
10000000000733.299
10000000000733.387
10000000000733.656
10000000000733.754
10000000000734.016
10000000000734.359
10000000000734.488
10000000000734.719
10000000000735.051
10000000000735.238
10000000000735.562
10000000000735.736
10000000000735.895
10000000000736.029
10000000000736.471
10000000000736.648
10000000000736.775
10000000000736.916
10000000000737.143
10000000000737.355
10000000000737.617
10000000000737.932
10000000000738.115
10000000000738.381
10000000000738.566
10000000000738.836
10000000000739.035
10000000000739.248
10000000000739.367
10000000000739.576
10000000000739.793
10000000000740.035
10000000000740.359
10000000000740.42
10000000000740.764
10000000000740.92
10000000000741.236
10000000000741.48
10000000000741.627
10000000000742.094
10000000000742.268
10000000000742.498
10000000000742.584
10000000000742.936
10000000000743.205
10000000000743.379
10000000000743.697
10000000000743.828
10000000000743.961
10000000000744.092
10000000000744.232
10000000000744.619
10000000000744.877
10000000000745.043
10000000000745.279
10000000000745.549
10000000000745.598
10000000000745.85
10000000000746.15
10000000000746.447
10000000000746.604
10000000000746.775
10000000000746.982
10000000000747.176
10000000000747.406
10000000000747.697
10000000000747.971
10000000000748.166
10000000000748.592
10000000000748.684
10000000000748.832
10000000000748.941
10000000000749.258
10000000000749.441
10000000000749.723
10000000000749.967
10000000000750.047
10000000000750.564
10000000000750.74
10000000000750.969
10000000000751.162
10000000000751.334
10000000000751.629
10000000000751.77
10000000000752.01
10000000000752.248
10000000000752.426
10000000000752.631
10000000000752.836
10000000000752.967
10000000000753.414
10000000000753.545
10000000000753.852
10000000000754.062
10000000000754.256
10000000000754.531
10000000000754.664
10000000000755.01
10000000000755.195
10000000000755.43
10000000000755.559
10000000000755.809
10000000000755.961
10000000000756.135
10000000000756.381
10000000000756.613
10000000000756.771
10000000000757.1
10000000000757.178
10000000000757.426
10000000000757.639
10000000000757.994
10000000000758.285
10000000000758.381
10000000000758.756
10000000000758.873
10000000000759.164
10000000000759.475
10000000000759.611
10000000000759.852
10000000000760.172
10000000000760.406
10000000000760.566
10000000000760.691
10000000000760.879
10000000000761.252
10000000000761.443
10000000000761.648
10000000000761.83
10000000000762.133
10000000000762.418
10000000000762.521
10000000000762.746
10000000000763.023
10000000000763.088
10000000000763.309
10000000000763.492
10000000000763.617
10000000000764.057
10000000000764.291
10000000000764.613
10000000000764.76
10000000000764.914
10000000000765.109
10000000000765.379
10000000000765.684
10000000000765.762
10000000000766.043
10000000000766.256
10000000000766.547
10000000000766.865
10000000000767.002
10000000000767.123
10000000000767.232
10000000000767.617
10000000000767.869
10000000000768.059
10000000000768.418
10000000000768.527
10000000000768.725
10000000000768.83
10000000000769.172
10000000000769.406
10000000000769.76
10000000000769.879
10000000000770.098
10000000000770.506
10000000000770.613
10000000000770.785
10000000000771.23
10000000000771.316
10000000000771.512
10000000000771.678
10000000000771.918
10000000000772.027
10000000000772.34
10000000000772.662
10000000000772.754
10000000000773.074
10000000000773.16
10000000000773.395
10000000000773.561
10000000000773.861
10000000000774.088
10000000000774.332
10000000000774.568
10000000000774.824
10000000000774.98
10000000000775.156
10000000000775.492
10000000000775.604
10000000000775.781
10000000000775.971
10000000000776.254
10000000000776.426
10000000000776.619
10000000000777.256
10000000000777.391
10000000000777.549
10000000000777.914
10000000000778.127
10000000000778.252
10000000000778.383
10000000000778.533
10000000000778.902
10000000000779.016
10000000000779.361
10000000000779.523
10000000000779.756
10000000000779.926
10000000000780.027
10000000000780.496
10000000000780.621
10000000000780.828
10000000000781.004
10000000000781.119
10000000000781.457
10000000000781.855
10000000000782.023
10000000000782.141
10000000000782.477
10000000000782.73
10000000000782.83
10000000000783.049
10000000000783.27
10000000000783.539
10000000000783.799
10000000000783.871
10000000000784.07
10000000000784.311
10000000000784.662
10000000000784.844
10000000000785.072
10000000000785.268
10000000000785.33
10000000000785.652
10000000000785.926
10000000000786.162
10000000000786.455
10000000000786.67
10000000000786.955
10000000000787.072
10000000000787.316
10000000000787.588
10000000000787.881
10000000000788.074
10000000000788.316
10000000000788.545
10000000000788.705
10000000000788.906
10000000000789.133
10000000000789.348
10000000000789.473
10000000000789.959
10000000000790.078
10000000000790.305
10000000000790.574
10000000000790.771
10000000000790.889
10000000000791.061
10000000000791.309
10000000000791.494
10000000000791.621
10000000000791.822
10000000000792.18
10000000000792.377
10000000000792.617
10000000000792.832
10000000000793.135
10000000000793.283
10000000000793.539
10000000000793.82
10000000000794.211
10000000000794.316
10000000000794.43
10000000000794.664
10000000000794.871
10000000000795.158
10000000000795.369
10000000000795.531
10000000000795.846
10000000000796.117
10000000000796.262
10000000000796.457
10000000000796.832
10000000000796.969
10000000000797.227
10000000000797.447
10000000000797.65
10000000000797.92
10000000000798.057
10000000000798.258
10000000000798.381
10000000000798.686
10000000000799.049
10000000000799.188
10000000000799.424
10000000000799.646
10000000000799.916
10000000000800.084
10000000000800.215
10000000000800.475
10000000000800.867
10000000000800.992
10000000000801.199
10000000000801.432
10000000000801.604
10000000000801.846
10000000000802.104
10000000000802.232
10000000000802.342
10000000000802.607
10000000000803.014
10000000000803.129
10000000000803.291
10000000000803.541
10000000000803.801
10000000000803.949
10000000000804.182
10000000000804.66
10000000000804.818
10000000000805.127
10000000000805.227
10000000000805.432
10000000000805.756
10000000000805.957
10000000000806.252
10000000000806.594
10000000000806.668
10000000000806.84
10000000000807.035
10000000000807.338
10000000000807.43
10000000000807.584
10000000000807.826
10000000000808.055
10000000000808.205
10000000000808.58
10000000000808.787
10000000000808.988
10000000000809.336
10000000000809.537
10000000000809.615
10000000000809.877
10000000000809.994
10000000000810.336
10000000000810.572
10000000000810.846
10000000000810.973
10000000000811.189
10000000000811.451
10000000000811.688
10000000000811.861
10000000000812.043
10000000000812.307
10000000000812.617
10000000000812.775
10000000000813.098
10000000000813.23
10000000000813.547
10000000000813.674
10000000000814.027
10000000000814.219
10000000000814.459
10000000000814.633
10000000000814.783
10000000000815.014
10000000000815.238
10000000000815.379
10000000000815.717
10000000000815.863
10000000000816.328
10000000000816.467
10000000000816.703
10000000000817.076
10000000000817.232
10000000000817.314
10000000000817.543
10000000000817.666
10000000000817.949
10000000000818.24
10000000000818.445
10000000000818.6
10000000000818.693
10000000000819.15
10000000000819.211
10000000000819.479
10000000000819.65
10000000000820.055
10000000000820.215
10000000000820.312
10000000000820.539
10000000000820.689
10000000000820.85
10000000000821.232
10000000000821.469
10000000000821.787
10000000000822.094
10000000000822.219
10000000000822.439
10000000000822.639
10000000000822.914
10000000000823.141
10000000000823.506
10000000000823.58
10000000000823.777
10000000000824.033
10000000000824.256
10000000000824.607
10000000000824.758
10000000000824.943
10000000000825.195
10000000000825.342
10000000000825.504
10000000000825.748
10000000000826.012
10000000000826.307
10000000000826.408
10000000000826.701
10000000000826.932
10000000000827.146
10000000000827.244
10000000000827.363
10000000000827.725
10000000000827.943
10000000000828.287
10000000000828.598
10000000000828.791
10000000000828.973
10000000000829.184
10000000000829.363
10000000000829.512
10000000000829.861
10000000000829.967
10000000000830.295
10000000000830.326
10000000000830.611
10000000000830.85
10000000000831.096
10000000000831.254
10000000000831.455
10000000000831.762
10000000000832.123
10000000000832.193
10000000000832.629
10000000000832.828
10000000000833.158
10000000000833.182
10000000000833.488
10000000000833.662
10000000000833.869
10000000000833.988
10000000000834.326
10000000000834.578
10000000000834.842
10000000000834.965
10000000000835.232
10000000000835.428
10000000000835.646
10000000000835.867
10000000000836.17
10000000000836.209
10000000000836.576
10000000000836.719
10000000000836.969
10000000000837.104
10000000000837.418
10000000000837.643
10000000000837.752
10000000000837.959
10000000000838.041
10000000000838.561
10000000000838.713
10000000000838.971
10000000000839.119
10000000000839.32
10000000000839.611
10000000000839.869
10000000000840.158
10000000000840.332
10000000000840.57
10000000000840.777
10000000000841.084
10000000000841.311
10000000000841.549
10000000000841.736
10000000000841.996
10000000000842.184
10000000000842.252
10000000000842.561
10000000000842.721
10000000000843.045
10000000000843.234
10000000000843.498
10000000000843.715
10000000000843.824
10000000000843.99
10000000000844.445
10000000000844.51
10000000000844.865
10000000000845.068
10000000000845.293
10000000000845.486
10000000000845.785
10000000000846.025
10000000000846.188
10000000000846.363
10000000000846.529
10000000000846.762
10000000000846.951
10000000000847.156
10000000000847.338
10000000000847.494
10000000000847.865
10000000000848.285
10000000000848.498
10000000000848.609
10000000000848.768
10000000000848.873
10000000000849.246
10000000000849.354
10000000000849.635
10000000000849.816
10000000000850.174
10000000000850.387
10000000000850.639
10000000000850.893
10000000000851.258
10000000000851.336
10000000000851.619
10000000000851.857
10000000000851.941
10000000000852.338
10000000000852.531
10000000000852.652
10000000000852.916
10000000000853.082
10000000000853.268
10000000000853.68
10000000000853.746
10000000000853.885
10000000000854.045
10000000000854.314
10000000000854.547
10000000000854.854
10000000000855.078
10000000000855.16
10000000000855.465
10000000000855.762
10000000000855.91
10000000000856.227
10000000000856.52
10000000000856.645
10000000000856.85
10000000000857.061
10000000000857.275
10000000000857.408
10000000000857.705
10000000000857.971
10000000000858.264
10000000000858.428
10000000000858.652
10000000000858.953
10000000000859.102
10000000000859.398
10000000000859.518
10000000000859.785
10000000000859.975
10000000000860.348
10000000000860.438
10000000000860.73
10000000000860.846
10000000000861.188
10000000000861.428
10000000000861.555
10000000000861.898
10000000000862.105
10000000000862.15
10000000000862.418
10000000000862.674
10000000000862.84
10000000000863.324
10000000000863.473
10000000000863.582
10000000000863.719
10000000000864.045
10000000000864.355
10000000000864.436
10000000000864.768
10000000000864.982
10000000000865.172
10000000000865.26
10000000000865.352
10000000000865.816
10000000000865.918
10000000000866.197
10000000000866.318
10000000000866.479
10000000000866.854
10000000000867.07
10000000000867.367
10000000000867.611
10000000000867.822
10000000000868.088
10000000000868.432
10000000000868.703
10000000000868.875
10000000000869.146
10000000000869.289
10000000000869.412
10000000000869.566
10000000000869.676
10000000000870.105
10000000000870.291
10000000000870.588
10000000000870.891
10000000000870.953
10000000000871.174
10000000000871.439
10000000000871.617
10000000000871.846
10000000000872.062
10000000000872.312
10000000000872.541
10000000000872.715
10000000000872.928
10000000000873.066
10000000000873.422
10000000000873.572
10000000000873.809
10000000000874.082
10000000000874.383
10000000000874.52
10000000000874.73
10000000000874.951
10000000000875.336
10000000000875.43
10000000000875.615
10000000000875.879
10000000000876.035
10000000000876.201
10000000000876.486
10000000000876.658
10000000000876.986
10000000000877.307
10000000000877.533
10000000000877.645
10000000000877.941
10000000000878.162
10000000000878.287
10000000000878.453
10000000000878.793
10000000000879.023
10000000000879.342
10000000000879.549
10000000000879.787
10000000000879.992
10000000000880.285
10000000000880.486
10000000000880.604
10000000000880.883
10000000000881.047
10000000000881.184
10000000000881.42
10000000000881.664
10000000000881.941
10000000000882.096
10000000000882.432
10000000000882.529
10000000000882.711
10000000000882.809
10000000000883.24
10000000000883.477
10000000000883.689
10000000000883.92
10000000000884.031
10000000000884.279
10000000000884.568
10000000000884.812
10000000000885.021
10000000000885.23
10000000000885.48
10000000000885.742
10000000000885.855
10000000000886.209
10000000000886.369
10000000000886.582
10000000000887.049
10000000000887.23
10000000000887.346
10000000000887.627
10000000000887.84
10000000000888.031
10000000000888.236
10000000000888.451
10000000000888.662
10000000000888.812
10000000000888.959
10000000000889.238
10000000000889.406
10000000000889.623
10000000000889.898
10000000000890.25
10000000000890.439
10000000000890.758
10000000000891.035
10000000000891.172
10000000000891.277
10000000000891.527
10000000000891.719
10000000000891.902
10000000000892.164
10000000000892.426
10000000000892.744
10000000000892.912
10000000000893.062
10000000000893.346
10000000000893.457
10000000000893.6
10000000000893.793
10000000000894.033
10000000000894.352
10000000000894.705
10000000000895.006
10000000000895.09
10000000000895.285
10000000000895.635
10000000000895.736
10000000000896.012
10000000000896.254
10000000000896.475
10000000000896.828
10000000000897.027
10000000000897.314
10000000000897.453
10000000000897.562
10000000000897.74
10000000000898.084
10000000000898.328
10000000000898.502
10000000000898.705
10000000000898.988
10000000000899.096
10000000000899.373
10000000000899.553
10000000000899.748
10000000000900.07
10000000000900.35
10000000000900.496
10000000000900.617
10000000000900.805
10000000000901.088
10000000000901.244
10000000000901.412
10000000000901.781
10000000000901.967
10000000000902.283
10000000000902.336
10000000000902.688
10000000000903.062
10000000000903.189
10000000000903.537
10000000000903.582
10000000000903.822
10000000000904.129
10000000000904.275
10000000000904.619
10000000000904.691
10000000000904.891
10000000000905.08
10000000000905.48
10000000000905.689
10000000000905.867
10000000000906.066
10000000000906.252
10000000000906.535
10000000000906.799
10000000000907.012
10000000000907.238
10000000000907.533
10000000000907.668
10000000000907.799
10000000000908.1
10000000000908.359
10000000000908.592
10000000000908.783
10000000000908.934
10000000000909.115
10000000000909.467
10000000000909.691
10000000000909.807
10000000000910.09
10000000000910.381
10000000000910.539
10000000000910.758
10000000000910.941
10000000000911.123
10000000000911.457
10000000000911.619
10000000000911.697
10000000000911.988
10000000000912.283
10000000000912.346
10000000000912.758
10000000000912.918
10000000000913.121
10000000000913.578
10000000000913.768
10000000000913.971
10000000000914.146
10000000000914.445
10000000000914.805
10000000000914.955
10000000000915.094
10000000000915.213
10000000000915.549
10000000000915.727
10000000000915.912
10000000000916.051
10000000000916.537
10000000000916.695
10000000000916.822
10000000000916.951
10000000000917.25
10000000000917.414
10000000000917.539
10000000000917.904
10000000000918.148
10000000000918.172
10000000000918.5
10000000000918.828
10000000000919.137
10000000000919.33
10000000000919.502
10000000000919.773
10000000000919.945
10000000000920.148
10000000000920.381
10000000000920.537
10000000000920.627
10000000000921.082
10000000000921.24
10000000000921.365
10000000000921.604
10000000000921.982
10000000000922.191
10000000000922.463
10000000000922.748
10000000000922.975
10000000000923.002
10000000000923.289
10000000000923.471
10000000000923.799
10000000000923.984
10000000000924.152
10000000000924.393
10000000000924.736
10000000000924.9
10000000000925.035
10000000000925.326
10000000000925.506
10000000000925.738
10000000000926.01
10000000000926.479
10000000000926.58
10000000000926.725
10000000000926.904
10000000000927.127
10000000000927.293
10000000000927.564
10000000000927.619
10000000000927.918
10000000000928.166
10000000000928.311
10000000000928.518
10000000000928.744
10000000000929.102
10000000000929.318
10000000000929.414
10000000000929.777
10000000000929.918
10000000000930.223
10000000000930.299
10000000000930.68
10000000000930.801
10000000000931.119
10000000000931.453
10000000000931.67
10000000000931.822
10000000000932.039
10000000000932.336
10000000000932.506
10000000000932.877
10000000000933.004
10000000000933.141
10000000000933.328
10000000000933.574
10000000000933.855
10000000000933.957
10000000000934.285
10000000000934.504
10000000000934.705
10000000000934.973
10000000000935.189
10000000000935.453
10000000000935.506
10000000000935.699
10000000000935.932
10000000000936.178
10000000000936.482
10000000000936.824
10000000000936.914
10000000000937.158
10000000000937.385
10000000000937.625
10000000000937.812
10000000000938.016
10000000000938.318
10000000000938.424
10000000000938.619
10000000000938.98
10000000000939.162
10000000000939.426
10000000000939.609
10000000000939.748
10000000000940.012
10000000000940.17
10000000000940.402
10000000000940.629
10000000000940.887
10000000000941.137
10000000000941.432
10000000000941.713
10000000000942.014
10000000000942.24
10000000000942.506
10000000000942.607
10000000000942.738
10000000000943.006
10000000000943.281
10000000000943.523
10000000000943.721
10000000000943.918
10000000000944.027
10000000000944.342
10000000000944.359
10000000000944.801
10000000000944.924
10000000000945.145
10000000000945.596
10000000000945.758
10000000000945.805
10000000000946.033
10000000000946.203
10000000000946.547
10000000000946.754
10000000000946.936
10000000000947.115
10000000000947.271
10000000000947.57
10000000000947.738
10000000000948.045
10000000000948.473
10000000000948.613
10000000000948.75
10000000000948.965
10000000000949.244
10000000000949.477
10000000000949.719
10000000000949.977
10000000000950.297
10000000000950.359
10000000000950.703
10000000000950.809
10000000000951.033
10000000000951.285
10000000000951.604
10000000000951.637
10000000000951.82
10000000000952.045
10000000000952.361
10000000000952.633
10000000000952.812
10000000000953.01
10000000000953.299
10000000000953.49
10000000000953.764
10000000000953.887
10000000000954.158
10000000000954.514
10000000000954.666
10000000000954.877
10000000000955.082
10000000000955.273
10000000000955.404
10000000000955.676
10000000000956
10000000000956.143
10000000000956.299
10000000000956.375
10000000000956.781
10000000000957.076
10000000000957.182
10000000000957.459
10000000000957.629
10000000000957.73
10000000000958.086
10000000000958.559
10000000000958.734
10000000000958.854
10000000000959.123
10000000000959.402
10000000000959.57
10000000000959.67
10000000000959.969
10000000000960.203
10000000000960.396
10000000000960.771
10000000000961.021
10000000000961.238
10000000000961.428
10000000000961.572
10000000000961.855
10000000000962.078
10000000000962.148
10000000000962.461
10000000000962.602
10000000000962.766
10000000000963.037
10000000000963.34
10000000000963.398
10000000000963.729
10000000000963.994
10000000000964.195
10000000000964.283
10000000000964.488
10000000000964.85
10000000000965.162
10000000000965.334
10000000000965.666
10000000000965.822
10000000000966.047
10000000000966.213
10000000000966.434
10000000000966.611
10000000000966.832
10000000000967.047
10000000000967.307
10000000000967.604
10000000000967.674
10000000000968.021
10000000000968.33
10000000000968.5
10000000000968.826
10000000000968.908
10000000000969.256
10000000000969.426
10000000000969.576
10000000000969.701
10000000000969.963
10000000000970.297
10000000000970.465
10000000000970.785
10000000000971.006
10000000000971.174
10000000000971.539
10000000000971.623
10000000000971.963
10000000000972.053
10000000000972.215
10000000000972.316
10000000000972.711
10000000000972.908
10000000000973.242
10000000000973.457
10000000000973.57
10000000000973.803
10000000000974.051
10000000000974.246
10000000000974.359
10000000000974.666
10000000000974.861
10000000000975.137
10000000000975.377
10000000000975.432
10000000000975.656
10000000000975.949
10000000000976.084
10000000000976.564
10000000000976.879
10000000000977.154
10000000000977.318
10000000000977.541
10000000000977.699
10000000000977.848
10000000000978.277
10000000000978.352
10000000000978.615
10000000000978.896
10000000000979.064
10000000000979.115
10000000000979.348
10000000000979.643
10000000000979.848
10000000000979.902
10000000000980.359
10000000000980.646
10000000000980.775
10000000000980.916
10000000000981.246
10000000000981.422
10000000000981.686
10000000000981.84
10000000000982.07
10000000000982.432
10000000000982.627
10000000000982.691
10000000000982.877
10000000000983.188
10000000000983.258
10000000000983.707
10000000000983.941
10000000000984.199
10000000000984.311
10000000000984.553
10000000000984.594
10000000000985.076
10000000000985.227
10000000000985.52
10000000000985.705
10000000000985.809
10000000000985.99
10000000000986.299
10000000000986.715
10000000000986.838
10000000000987.086
10000000000987.209
10000000000987.352
10000000000987.701
10000000000988.129
10000000000988.277
10000000000988.518
10000000000988.594
10000000000988.941
10000000000989.037
10000000000989.266
10000000000989.541
10000000000989.676
10000000000990.094
10000000000990.186
10000000000990.42
10000000000990.535
10000000000990.826
10000000000991.096
10000000000991.258
10000000000991.398
10000000000991.539
10000000000991.766
10000000000992.098
10000000000992.27
10000000000992.627
10000000000992.881
10000000000993.002
10000000000993.186
10000000000993.516
10000000000993.697
10000000000993.992
10000000000994.133
10000000000994.35
10000000000994.617
10000000000994.896
10000000000995.236
10000000000995.344
10000000000995.66
10000000000995.73
10000000000995.969
10000000000996.182
10000000000996.461
10000000000996.584
10000000000996.994
10000000000997.256
10000000000997.498
10000000000997.607
10000000000997.799
10000000000997.977
10000000000997.992
10000000000998.371
10000000000998.533
10000000000998.85
10000000000999.152
10000000000999.25
10000000000999.553
10000000000999.711
