4709203636253.4111
4709203636253.6631
4709203636253.7207
4709203636254.0469
4709203636254.1963
4709203636254.6436
4709203636254.7959
4709203636254.9238
4709203636255.2139
4709203636255.4258
4709203636255.6865
4709203636255.8447
4709203636255.9619
4709203636256.4375
4709203636256.665
4709203636256.9639
4709203636257.1787
4709203636257.4639
4709203636257.499
4709203636257.8184
4709203636257.9922
4709203636258.2275
4709203636258.3828
4709203636258.7021
4709203636258.8662
4709203636259.0635
4709203636259.3359
4709203636259.5137
4709203636259.6748
4709203636260.0371
4709203636260.2695
4709203636260.4902
4709203636260.7402
4709203636260.9111
4709203636261.1504
4709203636261.376
4709203636261.4482
4709203636261.8193
4709203636262.0244
4709203636262.1709
4709203636262.3945
4709203636262.6357
4709203636263.0596
4709203636263.207
4709203636263.8135
4709203636263.8701
4709203636263.9541
4709203636264.2363
4709203636264.4287
4709203636264.7793
4709203636264.9404
4709203636265.0869
4709203636265.3965
4709203636265.5791
4709203636265.9209
4709203636265.9893
4709203636266.168
4709203636266.4463
4709203636266.6084
4709203636266.832
4709203636267.0947
4709203636267.3271
4709203636267.6621
4709203636267.8896
4709203636268.0957
4709203636268.3184
4709203636268.6924
4709203636268.7988
4709203636268.9287
4709203636269.0664
4709203636269.415
4709203636269.7041
4709203636269.9521
4709203636270.1709
4709203636270.4209
4709203636270.5869
4709203636270.7002
4709203636270.9453
4709203636271.1709
4709203636271.4688
4709203636271.7451
4709203636271.8457
4709203636272.2285
4709203636272.4463
4709203636272.6221
4709203636272.8652
4709203636273.1348
4709203636273.3945
4709203636273.7607
4709203636274.0127
4709203636274.084
4709203636274.3154
4709203636274.4629
4709203636274.7246
4709203636274.9043
4709203636275.3271
4709203636275.5225
4709203636275.6885
4709203636275.9492
4709203636276.2803
4709203636276.4043
4709203636276.7344
4709203636276.8047
4709203636277.04
4709203636277.1367
4709203636277.46
4709203636277.5859
4709203636277.9775
4709203636278.0986
4709203636278.2529
4709203636278.6162
4709203636278.8359
4709203636278.8955
4709203636279.2549
4709203636279.5029
4709203636279.7373
4709203636280
4709203636280.2686
4709203636280.5947
4709203636280.7334
4709203636281.0312
4709203636281.2441
4709203636281.3701
4709203636281.6631
4709203636281.8184
4709203636282.0137
4709203636282.3711
4709203636282.499
4709203636282.8125
4709203636283.1318
4709203636283.3242
4709203636283.5938
4709203636283.7891
4709203636284.0322
4709203636284.1602
4709203636284.3213
4709203636284.5234
4709203636284.708
4709203636285.2197
4709203636285.2646
4709203636285.5254
4709203636285.7832
4709203636286.043
4709203636286.2754
4709203636286.5137
4709203636286.6982
4709203636286.8564
4709203636287.1973
4709203636287.4473
4709203636287.5195
4709203636287.8965
4709203636287.9922
4709203636288.2676
4709203636288.4521
4709203636288.7002
4709203636288.9258
4709203636289.1357
4709203636289.4111
4709203636289.5283
4709203636289.792
4709203636290.0361
4709203636290.334
4709203636290.5654
4709203636290.7334
4709203636290.9844
4709203636291.5215
4709203636291.585
4709203636291.96
4709203636292.0352
4709203636292.3809
4709203636292.4932
4709203636292.709
4709203636292.874
4709203636293.2041
4709203636293.5059
4709203636293.7246
4709203636293.7881
4709203636293.9688
4709203636294.2129
4709203636294.4824
4709203636294.624
4709203636294.8613
4709203636295.1582
4709203636295.5264
4709203636295.6328
4709203636295.7441
4709203636296.1104
4709203636296.46
4709203636296.4902
4709203636296.6846
4709203636297.0039
4709203636297.3232
4709203636297.4805
4709203636297.6152
4709203636297.7998
4709203636298.0557
4709203636298.4561
4709203636298.5938
4709203636298.8398
4709203636299.1582
4709203636299.25
4709203636299.5967
4709203636299.957
4709203636300.082
4709203636300.3096
4709203636300.6377
4709203636300.6875
4709203636300.8457
4709203636301.041
4709203636301.3037
4709203636301.5771
4709203636301.9482
4709203636302.0996
4709203636302.3418
4709203636302.5801
4709203636302.7793
4709203636303.1201
4709203636303.3271
4709203636303.6572
4709203636303.7256
4709203636303.9395
4709203636304.1426
4709203636304.375
4709203636304.5771
4709203636304.8516
4709203636305.082
4709203636305.2764
4709203636305.4775
4709203636305.707
4709203636305.9551
4709203636306.2285
4709203636306.3184
4709203636306.4844
4709203636306.8066
4709203636307.0684
4709203636307.332
4709203636307.4951
4709203636307.7842
4709203636308.0693
4709203636308.3438
4709203636308.4443
4709203636308.6543
4709203636309.0342
4709203636309.374
4709203636309.5947
4709203636309.7021
4709203636309.96
4709203636310.1914
4709203636310.4902
4709203636310.6777
4709203636310.8926
4709203636310.9883
4709203636311.2148
4709203636311.4775
4709203636311.8291
4709203636312.0127
4709203636312.2744
4709203636312.5225
4709203636312.7285
4709203636312.8135
4709203636312.9199
4709203636313.2744
4709203636313.5176
4709203636313.6875
4709203636314.0215
4709203636314.0986
4709203636314.4434
4709203636314.7842
4709203636315.1914
4709203636315.2783
4709203636315.4277
4709203636315.5449
4709203636315.9131
4709203636316.0977
4709203636316.3047
4709203636316.5107
4709203636316.6348
4709203636316.8701
4709203636317.1738
4709203636317.3828
4709203636317.7754
4709203636317.9336
4709203636318.1348
4709203636318.2891
4709203636318.7021
4709203636319.0322
4709203636319.127
4709203636319.3984
4709203636319.6064
4709203636319.7861
4709203636320.0371
4709203636320.3037
4709203636320.6133
4709203636320.7627
4709203636320.999
4709203636321.1504
4709203636321.3838
4709203636321.584
4709203636321.7852
4709203636322.125
4709203636322.3125
4709203636322.6738
4709203636322.8164
4709203636323.0508
4709203636323.1719
4709203636323.3672
4709203636323.6553
4709203636323.8418
4709203636323.959
4709203636324.2959
4709203636324.4756
4709203636324.6553
4709203636324.999
4709203636325.3359
4709203636325.4463
4709203636325.7178
4709203636326.0039
4709203636326.2412
4709203636326.4189
4709203636326.6064
4709203636326.957
4709203636327.1748
4709203636327.5156
4709203636327.6748
4709203636327.9893
4709203636328.1436
4709203636328.3711
4709203636328.6201
4709203636328.709
4709203636328.9453
4709203636329.0068
4709203636329.3291
4709203636329.8359
4709203636329.9619
4709203636330.0547
4709203636330.3018
4709203636330.5283
4709203636330.7314
4709203636330.9961
4709203636331.373
4709203636331.6416
4709203636331.7969
4709203636332.0283
4709203636332.1797
4709203636332.542
4709203636332.6016
4709203636332.7402
4709203636333.0645
4709203636333.1543
4709203636333.4746
4709203636333.7715
4709203636334.0293
4709203636334.3213
4709203636334.4512
4709203636334.6045
4709203636334.8721
4709203636335.0928
4709203636335.3447
4709203636335.6553
4709203636335.7979
4709203636336.0859
4709203636336.3994
4709203636336.502
4709203636336.7461
4709203636336.9707
4709203636337.291
4709203636337.5713
4709203636337.915
4709203636338.0488
4709203636338.1348
4709203636338.5273
4709203636338.834
4709203636338.9824
4709203636339.1133
4709203636339.377
4709203636339.5537
4709203636339.6426
4709203636339.9482
4709203636340.2607
4709203636340.3691
4709203636340.6123
4709203636340.8115
4709203636341.1816
4709203636341.3564
4709203636341.4326
4709203636341.8408
4709203636342.0684
4709203636342.25
4709203636342.4229
4709203636342.8115
4709203636342.9736
4709203636343.1543
4709203636343.4365
4709203636343.583
4709203636343.8818
4709203636344.1377
4709203636344.4346
4709203636344.6465
4709203636344.7285
4709203636345.1055
4709203636345.3906
4709203636345.4922
4709203636345.6475
4709203636346.0361
4709203636346.3086
4709203636346.4482
4709203636346.6836
4709203636346.9287
4709203636347.2412
4709203636347.4746
4709203636347.5098
4709203636347.8184
4709203636347.8896
4709203636348.3848
4709203636348.4619
4709203636348.6982
4709203636349.0518
4709203636349.2549
4709203636349.4678
4709203636349.6016
4709203636350.0127
4709203636350.1201
4709203636350.291
4709203636350.5908
4709203636350.8408
4709203636351.0156
4709203636351.2461
4709203636351.3379
4709203636351.7695
4709203636352.0176
4709203636352.1309
4709203636352.2285
4709203636352.416
4709203636352.8428
4709203636352.9697
4709203636353.0918
4709203636353.1406
4709203636354.1348
4709203636354.1543
4709203636354.4121
4709203636354.4609
4709203636354.8428
4709203636355.0674
4709203636355.2178
4709203636355.5049
4709203636355.6738
4709203636355.8262
4709203636356.1396
4709203636356.293
4709203636356.6035
4709203636356.7969
4709203636356.9434
4709203636357.3154
4709203636357.5898
4709203636357.75
4709203636357.8867
4709203636358.1445
4709203636358.3721
4709203636358.5557
4709203636358.6934
4709203636359.0879
4709203636359.2363
4709203636359.5029
4709203636359.7549
4709203636359.9199
4709203636360.2646
4709203636360.3955
4709203636360.6387
4709203636360.8916
4709203636361.0518
4709203636361.3555
4709203636361.6504
4709203636361.9521
4709203636362.1094
4709203636362.2324
4709203636362.3799
4709203636362.6592
4709203636362.915
4709203636363.2627
4709203636363.4785
4709203636363.7051
4709203636363.8838
4709203636364.1611
4709203636364.3408
4709203636364.5947
4709203636364.7363
4709203636365.125
4709203636365.4062
4709203636365.5557
4709203636365.6982
4709203636365.9238
4709203636366.4365
4709203636366.541
4709203636366.75
4709203636366.8652
4709203636367.167
4709203636367.4102
4709203636367.6445
4709203636367.8076
4709203636368.0176
4709203636368.209
4709203636368.3965
4709203636368.6982
4709203636368.8613
4709203636369.0918
4709203636369.1602
4709203636369.666
4709203636369.9443
4709203636370.1084
4709203636370.3223
4709203636370.4375
4709203636370.7266
4709203636370.8408
4709203636371.2734
4709203636371.4092
4709203636371.709
4709203636371.8545
4709203636372.2939
4709203636372.4004
4709203636372.6475
4709203636372.9521
4709203636373.1582
4709203636373.4287
4709203636373.6816
4709203636373.9639
4709203636374.1143
4709203636374.2305
4709203636374.6143
4709203636374.6641
4709203636374.9541
4709203636375.1152
4709203636375.2529
4709203636375.5244
4709203636375.8496
4709203636375.9688
4709203636376.2402
4709203636376.7139
4709203636376.748
4709203636376.8457
4709203636377.3701
4709203636377.4863
4709203636377.7295
4709203636377.8291
4709203636378.2314
4709203636378.4277
4709203636378.6768
4709203636378.8389
4709203636379.0059
4709203636379.207
4709203636379.3213
4709203636379.6816
4709203636379.8818
4709203636380.1055
4709203636380.4873
4709203636380.6123
4709203636380.8623
4709203636381.1455
4709203636381.3545
4709203636381.5791
4709203636381.8486
4709203636382.0635
4709203636382.2812
4709203636382.4863
4709203636382.7959
4709203636383.1016
4709203636383.3486
4709203636383.6611
4709203636383.792
4709203636383.8779
4709203636384.0674
4709203636384.416
4709203636384.5732
4709203636384.6807
4709203636385.1133
4709203636385.3027
4709203636385.5898
4709203636385.8086
4709203636385.9736
4709203636386.1318
4709203636386.3701
4709203636386.6426
4709203636386.8867
4709203636386.9932
4709203636387.2676
4709203636387.3965
4709203636387.6729
4709203636387.8701
4709203636388.126
4709203636388.5469
4709203636388.6807
4709203636388.9297
4709203636389.0889
4709203636389.5713
4709203636389.6523
4709203636389.8867
4709203636390.1982
4709203636390.3672
4709203636390.4873
4709203636390.8936
4709203636391.0527
4709203636391.2383
4709203636391.5557
4709203636391.6934
4709203636391.9834
4709203636392.0908
4709203636392.335
4709203636392.668
4709203636392.8623
4709203636393.0254
4709203636393.3447
4709203636393.7217
4709203636393.8281
4709203636394.0898
4709203636394.2939
4709203636394.4922
4709203636394.7139
4709203636394.7754
4709203636394.9434
4709203636395.3975
4709203636395.6445
4709203636395.9248
4709203636396.1064
4709203636396.3438
4709203636396.624
4709203636396.7275
4709203636396.8564
4709203636397.1875
4709203636397.3105
4709203636397.6787
4709203636397.8916
4709203636397.9775
4709203636398.1768
4709203636398.4756
4709203636398.9453
4709203636399.0215
4709203636399.1836
4709203636399.3418
4709203636399.7324
4709203636400.1709
4709203636400.3672
4709203636400.4521
4709203636400.7578
4709203636401.0664
4709203636401.1631
4709203636401.5254
4709203636401.6836
4709203636401.8125
4709203636402.1426
4709203636402.2217
4709203636402.543
4709203636402.8848
4709203636402.9482
4709203636403.1064
4709203636403.418
4709203636403.5752
4709203636403.8506
4709203636403.9805
4709203636404.2617
4709203636404.5674
4709203636404.8428
4709203636404.9404
4709203636405.1934
4709203636405.4053
4709203636405.7529
4709203636406.0693
4709203636406.1904
4709203636406.4365
4709203636406.5977
4709203636406.7891
4709203636407.1377
4709203636407.2354
4709203636407.4131
4709203636407.7246
4709203636407.9629
4709203636408.1621
4709203636408.5938
4709203636408.8027
4709203636409.042
4709203636409.2383
4709203636409.4736
4709203636409.5967
4709203636409.9141
4709203636410.1367
4709203636410.3281
4709203636410.6006
4709203636410.6338
4709203636410.9258
4709203636411.2227
4709203636411.4404
4709203636411.7764
4709203636412.0078
4709203636412.1973
4709203636412.6357
4709203636412.792
4709203636412.8896
4709203636413.0732
4709203636413.2607
4709203636413.4092
4709203636413.751
4709203636414.1289
4709203636414.2832
4709203636414.3779
4709203636414.4697
4709203636414.6787
4709203636415.0283
4709203636415.3242
4709203636415.7031
4709203636415.7402
4709203636415.9053
4709203636416.2109
4709203636416.4414
4709203636416.6084
4709203636416.9668
4709203636417.3779
4709203636417.4268
4709203636417.7021
4709203636417.9727
4709203636418.2598
4709203636418.5332
4709203636418.6543
4709203636418.7646
4709203636419.0889
4709203636419.377
4709203636419.5049
4709203636419.8213
4709203636419.9658
4709203636420.2725
4709203636420.5361
4709203636420.6729
4709203636420.9189
4709203636421.042
4709203636421.2061
4709203636421.5439
4709203636421.8242
4709203636422.0488
4709203636422.2646
4709203636422.3828
4709203636422.7695
4709203636422.9199
4709203636423.1807
4709203636423.3838
4709203636423.708
4709203636423.8184
4709203636424.1006
4709203636424.2197
4709203636424.5186
4709203636424.8135
4709203636425.0078
4709203636425.3408
4709203636425.5811
4709203636425.7158
4709203636425.9492
4709203636426.0352
4709203636426.1895
4709203636426.5107
4709203636426.8027
4709203636426.9902
4709203636427.3955
4709203636427.543
4709203636427.9492
4709203636428.0645
4709203636428.2705
4709203636428.5908
4709203636428.8555
4709203636429.0771
4709203636429.1465
4709203636429.4385
4709203636429.6768
4709203636429.8809
4709203636430.1504
4709203636430.2764
4709203636430.6191
4709203636430.8281
4709203636430.9668
4709203636431.1064
4709203636431.2988
4709203636431.7178
4709203636431.9277
4709203636432.1582
4709203636432.457
4709203636432.5723
4709203636432.8633
4709203636432.9863
4709203636433.1836
4709203636433.2939
4709203636433.6357
4709203636433.8135
4709203636434.208
4709203636434.5029
4709203636434.6748
4709203636434.8066
4709203636435.1133
4709203636435.2285
4709203636435.8496
4709203636436.0264
4709203636436.2207
4709203636436.3604
4709203636436.5215
4709203636436.6426
4709203636437.0205
4709203636437.2432
4709203636437.458
4709203636437.6865
4709203636437.8516
4709203636438.2734
4709203636438.4062
4709203636438.5742
4709203636438.7578
4709203636438.9307
4709203636439.2578
4709203636439.3623
4709203636439.7363
4709203636439.9443
4709203636440.3291
4709203636440.5557
4709203636440.6533
4709203636440.9688
4709203636441.167
4709203636441.373
4709203636441.4941
4709203636441.7031
4709203636442.0225
4709203636442.2549
4709203636442.4834
4709203636442.5781
4709203636442.7822
4709203636443.1494
4709203636443.3613
4709203636443.4854
4709203636443.8359
4709203636444.0049
4709203636444.3018
4709203636444.582
4709203636444.7031
4709203636445.1201
4709203636445.3008
4709203636445.625
4709203636445.7422
4709203636445.8975
4709203636446.1719
4709203636446.4492
4709203636446.709
4709203636446.8457
4709203636447.1465
4709203636447.4473
4709203636447.7148
4709203636447.8516
4709203636448.1436
4709203636448.2559
4709203636448.3779
4709203636448.6836
4709203636448.9502
4709203636449.166
4709203636449.3584
4709203636449.6123
4709203636449.7148
4709203636449.9688
4709203636450.1113
4709203636450.4023
4709203636450.6367
4709203636450.9287
4709203636451.2764
4709203636451.4648
4709203636451.7627
4709203636451.959
4709203636452.2139
4709203636452.3213
4709203636452.5566
4709203636452.7295
4709203636452.9873
