q=3; quadratic characters mod irreducible Q of degree d; detector D(n)=sum_{deg f<=n} mu(f)chi(f) q^{-deg f/2}
Weil RH holds for all rows.  A = main term 1/L(q^{-1/2},chi); amp = sum |B_j| over unit-circle poles;
min/max over 50<=n<=20000; neg = number of n in that range with D(n)<0
  d Q(low->high)   L(u,chi) coeffs          |alpha_j| (sqrt q=1.7321)          A       amp     min D     max D    neg
  2 101            [1, -1]                  [1.0]                         2.3660    0.0000    2.3660    2.3660      0
  2 211            [1, -1]                  [1.0]                         2.3660    0.0000    2.3660    2.3660      0
  2 221            [1, -1]                  [1.0]                         2.3660    0.0000    2.3660    2.3660      0
  3 1021           [1, -1, 3]               [1.732051, 1.732051]          0.7029    0.8757   -0.1728    1.5786   4058
  3 1121           [1, -1, 3]               [1.732051, 1.732051]          0.7029    0.8757   -0.1728    1.5786   4058
  3 1201           [1, -3, 3]               [1.732051, 1.732051]          3.7321    3.8637   -0.0000    7.4641   1662
  3 1211           [1, 1, 3]                [1.732051, 1.732051]          0.3880    0.6506   -0.2626    1.0386   5917
  3 2011           [1, 1, 3]                [1.732051, 1.732051]          0.3880    0.6506   -0.2626    1.0386   5917
  3 2111           [1, 1, 3]                [1.732051, 1.732051]          0.3880    0.6506   -0.2626    1.0386   5917
  3 2201           [1, 3, 3]                [1.732051, 1.732051]          0.2679    1.0353   -0.7321    1.2679   8313
  3 2221           [1, -1, 3]               [1.732051, 1.732051]          0.7029    0.8757   -0.1728    1.5786   4058
  4 10111          [1, 1, 1, -3]            [1.0, 1.732051, 1.732051]     0.7500    0.4876    0.2624    1.2376      0
  4 10121          [1, 1, 1, -3]            [1.0, 1.732051, 1.732051]     0.7500    0.4876    0.2624    1.2376      0
  4 11021          [1, -1, 3, -3]           [1.0, 1.732051, 1.732051]     1.1830    0.6124    0.5915    1.7745      0
  4 11101          [1, 1, 1, -3]            [1.0, 1.732051, 1.732051]     0.7500    0.4876    0.2624    1.2376      0
  4 11111          [1, 1, 1, -3]            [1.0, 1.732051, 1.732051]     0.7500    0.4876    0.2624    1.2376      0
  4 12011          [1, -1, 3, -3]           [1.0, 1.732051, 1.732051]     1.1830    0.6124    0.5915    1.7745      0
  4 12101          [1, 1, 1, -3]            [1.0, 1.732051, 1.732051]     0.7500    0.4876    0.2624    1.2376      0
  4 12121          [1, 1, 1, -3]            [1.0, 1.732051, 1.732051]     0.7500    0.4876    0.2624    1.2376      0
  4 20011          [1, -1, 3, -3]           [1.0, 1.732051, 1.732051]     1.1830    0.6124    0.5915    1.7745      0
  4 20021          [1, -1, 3, -3]           [1.0, 1.732051, 1.732051]     1.1830    0.6124    0.5915    1.7745      0
  4 20101          [1, 1, 1, -3]            [1.0, 1.732051, 1.732051]     0.7500    0.4876    0.2624    1.2376      0
  4 20201          [1, -3, 5, -3]           [1.0, 1.732051, 1.732051]     2.7990    1.6315    1.1675    4.4305      0
  4 21001          [1, -1, 3, -3]           [1.0, 1.732051, 1.732051]     1.1830    0.6124    0.5915    1.7745      0
  4 21121          [1, 1, 1, -3]            [1.0, 1.732051, 1.732051]     0.7500    0.4876    0.2624    1.2376      0
  4 21221          [1, -3, 5, -3]           [1.0, 1.732051, 1.732051]     2.7990    1.6315    1.1675    4.4305      0
  4 22001          [1, -1, 3, -3]           [1.0, 1.732051, 1.732051]     1.1830    0.6124    0.5915    1.7745      0
  4 22111          [1, 1, 1, -3]            [1.0, 1.732051, 1.732051]     0.7500    0.4876    0.2624    1.2376      0
  4 22211          [1, -3, 5, -3]           [1.0, 1.732051, 1.732051]     2.7990    1.6315    1.1675    4.4305      0
  5 100021         [1, -1, 3, -3, 9]        [1.732051, 1.732051, 1.732051, 1.732051]    0.5419    1.0978   -0.5558    1.6393   4463
  5 100211         [1, 1, 3, 3, 9]          [1.732051, 1.732051, 1.732051, 1.732051]    0.2407    0.8165   -0.5758    1.0571   5770
  5 101011         [1, -1, 1, -3, 9]        [1.732051, 1.732051, 1.732051, 1.732051]    0.8484    1.2775   -0.4288    2.1259   3226
  5 101201         [1, 1, 3, 3, 9]          [1.732051, 1.732051, 1.732051, 1.732051]    0.2407    0.8165   -0.5758    1.0571   5770
  5 101221         [1, -3, 5, -9, 9]        [1.732051, 1.732051, 1.732051, 1.732051]    4.9367    5.5457   -0.6087   10.4821   1811
  5 102101         [1, -1, 3, -3, 9]        [1.732051, 1.732051, 1.732051, 1.732051]    0.5419    1.0978   -0.5558    1.6393   4463
  5 102211         [1, -3, 5, -9, 9]        [1.732051, 1.732051, 1.732051, 1.732051]    4.9367    5.5457   -0.6087   10.4821   1811
  5 102221         [1, 1, 1, 3, 9]          [1.732051, 1.732051, 1.732051, 1.732051]    0.2867    0.7852   -0.4984    1.0718   5035
  5 110021         [1, -1, 5, -3, 9]        [1.732051, 1.732051, 1.732051, 1.732051]    0.3981    1.3613   -0.9630    1.7591   6129
  5 110101         [1, -3, 5, -9, 9]        [1.732051, 1.732051, 1.732051, 1.732051]    4.9367    5.5457   -0.6087   10.4821   1811
  5 110111         [1, 1, -1, 3, 9]         [1.732051, 1.732051, 1.732051, 1.732051]    0.3544    0.9076   -0.5532    1.2620   4710
  5 111011         [1, -1, 3, -3, 9]        [1.732051, 1.732051, 1.732051, 1.732051]    0.5419    1.0978   -0.5558    1.6393   4463
  5 111121         [1, -3, 7, -9, 9]        [1.732051, 1.732051, 1.732051, 1.732051]    1.1504    2.2767   -1.1260    3.4270   4636
  5 111211         [1, -1, 3, -3, 9]        [1.732051, 1.732051, 1.732051, 1.732051]    0.5419    1.0978   -0.5558    1.6393   4463
  5 112001         [1, -1, -1, -3, 9]       [1.732051, 1.732051, 1.732051, 1.732051]    1.9533    2.3230   -0.3697    4.2763   1984
  5 112111         [1, -3, 7, -9, 9]        [1.732051, 1.732051, 1.732051, 1.732051]    1.1504    2.2767   -1.1260    3.4270   4636
  5 112201         [1, -1, 5, -3, 9]        [1.732051, 1.732051, 1.732051, 1.732051]    0.3981    1.3613   -0.9630    1.7591   6129
  5 120001         [1, -3, 7, -9, 9]        [1.732051, 1.732051, 1.732051, 1.732051]    1.1504    2.2767   -1.1260    3.4270   4636
  5 120011         [1, 1, 1, 3, 9]          [1.732051, 1.732051, 1.732051, 1.732051]    0.2867    0.7852   -0.4984    1.0718   5035
  5 120221         [1, -1, 1, -3, 9]        [1.732051, 1.732051, 1.732051, 1.732051]    0.8484    1.2775   -0.4288    2.1259   3226
  5 121111         [1, -1, -1, -3, 9]       [1.732051, 1.732051, 1.732051, 1.732051]    1.9533    2.3230   -0.3697    4.2763   1984
  5 122021         [1, 1, 5, 3, 9]          [1.732051, 1.732051, 1.732051, 1.732051]    0.2074    1.1255   -0.9181    1.3329   7024
  5 122101         [1, -1, 1, -3, 9]        [1.732051, 1.732051, 1.732051, 1.732051]    0.8484    1.2775   -0.4288    2.1259   3226
  5 122201         [1, -1, 1, -3, 9]        [1.732051, 1.732051, 1.732051, 1.732051]    0.8484    1.2775   -0.4288    2.1259   3226
  5 200011         [1, 1, 3, 3, 9]          [1.732051, 1.732051, 1.732051, 1.732051]    0.2407    0.8165   -0.5758    1.0571   5770
  5 200221         [1, -1, 3, -3, 9]        [1.732051, 1.732051, 1.732051, 1.732051]    0.5419    1.0978   -0.5558    1.6393   4463
  5 201101         [1, 1, 3, 3, 9]          [1.732051, 1.732051, 1.732051, 1.732051]    0.2407    0.8165   -0.5758    1.0571   5770
  5 201211         [1, -1, 1, -3, 9]        [1.732051, 1.732051, 1.732051, 1.732051]    0.8484    1.2775   -0.4288    2.1259   3226
  5 201221         [1, 3, 5, 9, 9]          [1.732051, 1.732051, 1.732051, 1.732051]    0.1402    1.1627   -1.0224    1.3029   8799
  5 202021         [1, 1, 1, 3, 9]          [1.732051, 1.732051, 1.732051, 1.732051]    0.2867    0.7852   -0.4984    1.0718   5035
  5 202201         [1, -1, 3, -3, 9]        [1.732051, 1.732051, 1.732051, 1.732051]    0.5419    1.0978   -0.5558    1.6393   4463
  5 202211         [1, 3, 5, 9, 9]          [1.732051, 1.732051, 1.732051, 1.732051]    0.1402    1.1627   -1.0224    1.3029   8799
  5 210011         [1, 1, 5, 3, 9]          [1.732051, 1.732051, 1.732051, 1.732051]    0.2074    1.1255   -0.9181    1.3329   7024
  5 210101         [1, 3, 5, 9, 9]          [1.732051, 1.732051, 1.732051, 1.732051]    0.1402    1.1627   -1.0224    1.3029   8799
  5 210121         [1, -1, -1, -3, 9]       [1.732051, 1.732051, 1.732051, 1.732051]    1.9533    2.3230   -0.3697    4.2763   1984
  5 211001         [1, 1, -1, 3, 9]         [1.732051, 1.732051, 1.732051, 1.732051]    0.3544    0.9076   -0.5532    1.2620   4710
  5 211121         [1, 3, 7, 9, 9]          [1.732051, 1.732051, 1.732051, 1.732051]    0.1282    1.1542   -1.0257    1.2824   8072
  5 211201         [1, 1, 5, 3, 9]          [1.732051, 1.732051, 1.732051, 1.732051]    0.2074    1.1255   -0.9181    1.3329   7024
  5 212021         [1, 1, 3, 3, 9]          [1.732051, 1.732051, 1.732051, 1.732051]    0.2407    0.8165   -0.5758    1.0571   5770
  5 212111         [1, 3, 7, 9, 9]          [1.732051, 1.732051, 1.732051, 1.732051]    0.1282    1.1542   -1.0257    1.2824   8072
  5 212221         [1, 1, 3, 3, 9]          [1.732051, 1.732051, 1.732051, 1.732051]    0.2407    0.8165   -0.5758    1.0571   5770
  5 220001         [1, 3, 7, 9, 9]          [1.732051, 1.732051, 1.732051, 1.732051]    0.1282    1.1542   -1.0257    1.2824   8072
  5 220021         [1, -1, 1, -3, 9]        [1.732051, 1.732051, 1.732051, 1.732051]    0.8484    1.2775   -0.4288    2.1259   3226
  5 220211         [1, 1, 1, 3, 9]          [1.732051, 1.732051, 1.732051, 1.732051]    0.2867    0.7852   -0.4984    1.0718   5035
  5 221011         [1, -1, 5, -3, 9]        [1.732051, 1.732051, 1.732051, 1.732051]    0.3981    1.3613   -0.9630    1.7591   6129
  5 221101         [1, 1, 1, 3, 9]          [1.732051, 1.732051, 1.732051, 1.732051]    0.2867    0.7852   -0.4984    1.0718   5035
  5 221201         [1, 1, 1, 3, 9]          [1.732051, 1.732051, 1.732051, 1.732051]    0.2867    0.7852   -0.4984    1.0718   5035
  5 222121         [1, 1, -1, 3, 9]         [1.732051, 1.732051, 1.732051, 1.732051]    0.3544    0.9076   -0.5532    1.2620   4710
  6 1000111        [1, 1, 1, 3, 3, -9]      [1.0, 1.732051, 1.732051, 1.732051, 1.732051]    0.4456    0.6727   -0.2263    1.1175   2407
  6 1000121        [1, 1, 1, 3, 3, -9]      [1.0, 1.732051, 1.732051, 1.732051, 1.732051]    0.4456    0.6727   -0.2263    1.1175   2407
  6 1000201        [1, 3, 5, 3, -3, -9]     [1.0, 1.732051, 1.732051, 1.732051, 1.732051]    0.2460    1.0234   -0.7759    1.2678   6449
  6 1001021        [1, -1, 3, -3, 9, -9]    [1.0, 1.732051, 1.732051, 1.732051, 1.732051]    0.7887    0.9052    0.1820    1.6380      0
  6 1001101        [1, 1, 1, 3, 3, -9]      [1.0, 1.732051, 1.732051, 1.732051, 1.732051]    0.4456    0.6727   -0.2263    1.1175   2407
  6 1001221        [1, 3, 5, 3, -3, -9]     [1.0, 1.732051, 1.732051, 1.732051, 1.732051]    0.2460    1.0234   -0.7759    1.2678   6449
  6 1002011        [1, -1, 3, -3, 9, -9]    [1.0, 1.732051, 1.732051, 1.732051, 1.732051]    0.7887    0.9052    0.1820    1.6380      0
  6 1002101        [1, 1, 1, 3, 3, -9]      [1.0, 1.732051, 1.732051, 1.732051, 1.732051]    0.4456    0.6727   -0.2263    1.1175   2407
  6 1002211        [1, 3, 5, 3, -3, -9]     [1.0, 1.732051, 1.732051, 1.732051, 1.732051]    0.2460    1.0234   -0.7759    1.2678   6449
  6 1010201        [1, -1, 5, -5, 9, -9]    [1.0, 1.732051, 1.732051, 1.732051, 1.732051]    0.6453    1.1948   -0.5090    1.7996   3103
  6 1011001        [1, 1, 1, 3, 3, -9]      [1.0, 1.732051, 1.732051, 1.732051, 1.732051]    0.4456    0.6727   -0.2263    1.1175   2407
  6 1011011        [1, 1, 1, 3, 3, -9]      [1.0, 1.732051, 1.732051, 1.732051, 1.732051]    0.4456    0.6727   -0.2263    1.1175   2407
  6 1012001        [1, 1, 1, 3, 3, -9]      [1.0, 1.732051, 1.732051, 1.732051, 1.732051]    0.4456    0.6727   -0.2263    1.1175   2407
  6 1012021        [1, 1, 1, 3, 3, -9]      [1.0, 1.732051, 1.732051, 1.732051, 1.732051]    0.4456    0.6727   -0.2263    1.1175   2407
  6 1020001        [1, 3, 5, 3, -3, -9]     [1.0, 1.732051, 1.732051, 1.732051, 1.732051]    0.2460    1.0234   -0.7759    1.2678   6449
  6 1020101        [1, -1, 5, -5, 9, -9]    [1.0, 1.732051, 1.732051, 1.732051, 1.732051]    0.6453    1.1948   -0.5090    1.7996   3103
  6 1021021        [1, 3, 5, 3, -3, -9]     [1.0, 1.732051, 1.732051, 1.732051, 1.732051]    0.2460    1.0234   -0.7759    1.2678   6449
  6 1021121        [1, -1, -1, 1, 9, -9]    [1.732051, 1.732051, 1.0, 1.732051, 1.732051]    1.4196    1.2794    0.1805    2.6588      0
  6 1022011        [1, 3, 5, 3, -3, -9]     [1.0, 1.732051, 1.732051, 1.732051, 1.732051]    0.2460    1.0234   -0.7759    1.2678   6449
  6 1022111        [1, -1, -1, 1, 9, -9]    [1.732051, 1.732051, 1.0, 1.732051, 1.732051]    1.4196    1.2794    0.1805    2.6588      0
  6 1100111        [1, 1, 3, 1, 3, -9]      [1.0, 1.732051, 1.732051, 1.732051, 1.732051]    0.3959    0.7422   -0.3462    1.1380   3455
  6 1101011        [1, -1, 5, -5, 9, -9]    [1.0, 1.732051, 1.732051, 1.732051, 1.732051]    0.6453    1.1948   -0.5090    1.7996   3103
  6 1101101        [1, 1, 1, 3, 3, -9]      [1.0, 1.732051, 1.732051, 1.732051, 1.732051]    0.4456    0.6727   -0.2263    1.1175   2407
  6 1102001        [1, -1, 3, -3, 9, -9]    [1.0, 1.732051, 1.732051, 1.732051, 1.732051]    0.7887    0.9052    0.1820    1.6380      0
  6 1102111        [1, 1, 3, 1, 3, -9]      [1.0, 1.732051, 1.732051, 1.732051, 1.732051]    0.3959    0.7422   -0.3462    1.1380   3455
  6 1102121        [1, 1, -1, 5, 3, -9]     [1.0, 1.732051, 1.732051, 1.732051, 1.732051]    0.5096    1.6154   -1.0812    2.1004   7176
  6 1102201        [1, 3, 5, 3, -3, -9]     [1.0, 1.732051, 1.732051, 1.732051, 1.732051]    0.2460    1.0234   -0.7759    1.2678   6449
  6 1110001        [1, 1, 1, 3, 3, -9]      [1.0, 1.732051, 1.732051, 1.732051, 1.732051]    0.4456    0.6727   -0.2263    1.1175   2407
  6 1110011        [1, 1, 3, 1, 3, -9]      [1.0, 1.732051, 1.732051, 1.732051, 1.732051]    0.3959    0.7422   -0.3462    1.1380   3455
  6 1110221        [1, -1, 3, -3, 9, -9]    [1.0, 1.732051, 1.732051, 1.732051, 1.732051]    0.7887    0.9052    0.1820    1.6380      0
  6 1111021        [1, 1, -1, 5, 3, -9]     [1.0, 1.732051, 1.732051, 1.732051, 1.732051]    0.5096    1.6154   -1.0812    2.1004   7176
  6 1111111        [1, 3, 5, 3, -3, -9]     [1.0, 1.732051, 1.732051, 1.732051, 1.732051]    0.2460    1.0234   -0.7759    1.2678   6449
  6 1112011        [1, 1, 3, 1, 3, -9]      [1.0, 1.732051, 1.732051, 1.732051, 1.732051]    0.3959    0.7422   -0.3462    1.1380   3455
  6 1112201        [1, -1, -1, 1, 9, -9]    [1.732051, 1.732051, 1.0, 1.732051, 1.732051]    1.4196    1.2794    0.1805    2.6588      0
  6 1120121        [1, -1, 3, -3, 9, -9]    [1.0, 1.732051, 1.732051, 1.732051, 1.732051]    0.7887    0.9052    0.1820    1.6380      0
  6 1121221        [1, 1, 3, 1, 3, -9]      [1.0, 1.732051, 1.732051, 1.732051, 1.732051]    0.3959    0.7422   -0.3462    1.1380   3455
  6 1122001        [1, 3, 5, 3, -3, -9]     [1.0, 1.732051, 1.732051, 1.732051, 1.732051]    0.2460    1.0234   -0.7759    1.2678   6449
  6 1122221        [1, 1, 3, 1, 3, -9]      [1.0, 1.732051, 1.732051, 1.732051, 1.732051]    0.3959    0.7422   -0.3462    1.1380   3455
  6 1200121        [1, 1, 3, 1, 3, -9]      [1.0, 1.732051, 1.732051, 1.732051, 1.732051]    0.3959    0.7422   -0.3462    1.1380   3455
  6 1201001        [1, -1, 3, -3, 9, -9]    [1.0, 1.732051, 1.732051, 1.732051, 1.732051]    0.7887    0.9052    0.1820    1.6380      0
  6 1201111        [1, 1, -1, 5, 3, -9]     [1.0, 1.732051, 1.732051, 1.732051, 1.732051]    0.5096    1.6154   -1.0812    2.1004   7176
  6 1201121        [1, 1, 3, 1, 3, -9]      [1.0, 1.732051, 1.732051, 1.732051, 1.732051]    0.3959    0.7422   -0.3462    1.1380   3455
  6 1201201        [1, 3, 5, 3, -3, -9]     [1.0, 1.732051, 1.732051, 1.732051, 1.732051]    0.2460    1.0234   -0.7759    1.2678   6449
  6 1202021        [1, -1, 5, -5, 9, -9]    [1.0, 1.732051, 1.732051, 1.732051, 1.732051]    0.6453    1.1948   -0.5090    1.7996   3103
  6 1202101        [1, 1, 1, 3, 3, -9]      [1.0, 1.732051, 1.732051, 1.732051, 1.732051]    0.4456    0.6727   -0.2263    1.1175   2407
  6 1210001        [1, 1, 1, 3, 3, -9]      [1.0, 1.732051, 1.732051, 1.732051, 1.732051]    0.4456    0.6727   -0.2263    1.1175   2407
  6 1210021        [1, 1, 3, 1, 3, -9]      [1.0, 1.732051, 1.732051, 1.732051, 1.732051]    0.3959    0.7422   -0.3462    1.1380   3455
  6 1210211        [1, -1, 3, -3, 9, -9]    [1.0, 1.732051, 1.732051, 1.732051, 1.732051]    0.7887    0.9052    0.1820    1.6380      0
  6 1211021        [1, 1, 3, 1, 3, -9]      [1.0, 1.732051, 1.732051, 1.732051, 1.732051]    0.3959    0.7422   -0.3462    1.1380   3455
  6 1211201        [1, -1, -1, 1, 9, -9]    [1.732051, 1.732051, 1.0, 1.732051, 1.732051]    1.4196    1.2794    0.1805    2.6588      0
  6 1212011        [1, 1, -1, 5, 3, -9]     [1.0, 1.732051, 1.732051, 1.732051, 1.732051]    0.5096    1.6154   -1.0812    2.1004   7176
  6 1212121        [1, 3, 5, 3, -3, -9]     [1.0, 1.732051, 1.732051, 1.732051, 1.732051]    0.2460    1.0234   -0.7759    1.2678   6449
  6 1220111        [1, -1, 3, -3, 9, -9]    [1.0, 1.732051, 1.732051, 1.732051, 1.732051]    0.7887    0.9052    0.1820    1.6380      0
  6 1221001        [1, 3, 5, 3, -3, -9]     [1.0, 1.732051, 1.732051, 1.732051, 1.732051]    0.2460    1.0234   -0.7759    1.2678   6449
  6 1221211        [1, 1, 3, 1, 3, -9]      [1.0, 1.732051, 1.732051, 1.732051, 1.732051]    0.3959    0.7422   -0.3462    1.1380   3455
  6 1222211        [1, 1, 3, 1, 3, -9]      [1.0, 1.732051, 1.732051, 1.732051, 1.732051]    0.3959    0.7422   -0.3462    1.1380   3455
  6 2000011        [1, -1, 3, -3, 9, -9]    [1.0, 1.732051, 1.732051, 1.732051, 1.732051]    0.7887    0.9052    0.1820    1.6380      0
  6 2000021        [1, -1, 3, -3, 9, -9]    [1.0, 1.732051, 1.732051, 1.732051, 1.732051]    0.7887    0.9052    0.1820    1.6380      0
  6 2001011        [1, -1, 3, -3, 9, -9]    [1.0, 1.732051, 1.732051, 1.732051, 1.732051]    0.7887    0.9052    0.1820    1.6380      0
  6 2001221        [1, -3, 5, -9, 15, -9]   [1.732051, 1.732051, 1.0, 1.732051, 1.732051]    3.4260    3.1160    0.4088    6.4433      0
  6 2002021        [1, -1, 3, -3, 9, -9]    [1.0, 1.732051, 1.732051, 1.732051, 1.732051]    0.7887    0.9052    0.1820    1.6380      0
  6 2002211        [1, -3, 5, -9, 15, -9]   [1.732051, 1.732051, 1.0, 1.732051, 1.732051]    3.4260    3.1160    0.4088    6.4433      0
  6 2010211        [1, -1, -1, 1, 9, -9]    [1.732051, 1.732051, 1.0, 1.732051, 1.732051]    1.4196    1.2794    0.1805    2.6588      0
  6 2010221        [1, -1, -1, 1, 9, -9]    [1.732051, 1.732051, 1.0, 1.732051, 1.732051]    1.4196    1.2794    0.1805    2.6588      0
  6 2011201        [1, -1, -1, 1, 9, -9]    [1.732051, 1.732051, 1.0, 1.732051, 1.732051]    1.4196    1.2794    0.1805    2.6588      0
  6 2011211        [1, -1, 5, -5, 9, -9]    [1.0, 1.732051, 1.732051, 1.732051, 1.732051]    0.6453    1.1948   -0.5090    1.7996   3103
  6 2012201        [1, -1, -1, 1, 9, -9]    [1.732051, 1.732051, 1.0, 1.732051, 1.732051]    1.4196    1.2794    0.1805    2.6588      0
  6 2012221        [1, -1, 5, -5, 9, -9]    [1.0, 1.732051, 1.732051, 1.732051, 1.732051]    0.6453    1.1948   -0.5090    1.7996   3103
  6 2020111        [1, -1, 5, -5, 9, -9]    [1.0, 1.732051, 1.732051, 1.732051, 1.732051]    0.6453    1.1948   -0.5090    1.7996   3103
  6 2020121        [1, -1, 5, -5, 9, -9]    [1.0, 1.732051, 1.732051, 1.732051, 1.732051]    0.6453    1.1948   -0.5090    1.7996   3103
  6 2021021        [1, -3, 5, -9, 15, -9]   [1.732051, 1.732051, 1.0, 1.732051, 1.732051]    3.4260    3.1160    0.4088    6.4433      0
  6 2021221        [1, 1, -1, 5, 3, -9]     [1.0, 1.732051, 1.732051, 1.732051, 1.732051]    0.5096    1.6154   -1.0812    2.1004   7176
  6 2022011        [1, -3, 5, -9, 15, -9]   [1.732051, 1.732051, 1.0, 1.732051, 1.732051]    3.4260    3.1160    0.4088    6.4433      0
  6 2022211        [1, 1, -1, 5, 3, -9]     [1.0, 1.732051, 1.732051, 1.732051, 1.732051]    0.5096    1.6154   -1.0812    2.1004   7176
  6 2100001        [1, -1, 3, -3, 9, -9]    [1.0, 1.732051, 1.732051, 1.732051, 1.732051]    0.7887    0.9052    0.1820    1.6380      0
  6 2100011        [1, -1, -1, 1, 9, -9]    [1.732051, 1.732051, 1.0, 1.732051, 1.732051]    1.4196    1.2794    0.1805    2.6588      0
  6 2101001        [1, -1, 3, -3, 9, -9]    [1.0, 1.732051, 1.732051, 1.732051, 1.732051]    0.7887    0.9052    0.1820    1.6380      0
  6 2101111        [1, 1, 3, 1, 3, -9]      [1.0, 1.732051, 1.732051, 1.732051, 1.732051]    0.3959    0.7422   -0.3462    1.1380   3455
  6 2101211        [1, -3, 7, -11, 15, -9]  [1.0, 1.732051, 1.732051, 1.732051, 1.732051]    1.7432    1.8483   -0.1051    3.5913    450
  6 2102101        [1, 1, 1, 3, 3, -9]      [1.0, 1.732051, 1.732051, 1.732051, 1.732051]    0.4456    0.6727   -0.2263    1.1175   2407
  6 2110121        [1, -3, 7, -11, 15, -9]  [1.0, 1.732051, 1.732051, 1.732051, 1.732051]    1.7432    1.8483   -0.1051    3.5913    450
  6 2110201        [1, -1, -1, 1, 9, -9]    [1.732051, 1.732051, 1.0, 1.732051, 1.732051]    1.4196    1.2794    0.1805    2.6588      0
  6 2111011        [1, 1, 3, 1, 3, -9]      [1.0, 1.732051, 1.732051, 1.732051, 1.732051]    0.3959    0.7422   -0.3462    1.1380   3455
  6 2111111        [1, -3, 5, -9, 15, -9]   [1.732051, 1.732051, 1.0, 1.732051, 1.732051]    3.4260    3.1160    0.4088    6.4433      0
  6 2111201        [1, -1, 5, -5, 9, -9]    [1.0, 1.732051, 1.732051, 1.732051, 1.732051]    0.6453    1.1948   -0.5090    1.7996   3103
  6 2111221        [1, -1, 3, -3, 9, -9]    [1.0, 1.732051, 1.732051, 1.732051, 1.732051]    0.7887    0.9052    0.1820    1.6380      0
  6 2112001        [1, 1, 1, 3, 3, -9]      [1.0, 1.732051, 1.732051, 1.732051, 1.732051]    0.4456    0.6727   -0.2263    1.1175   2407
  6 2112101        [1, -3, 3, -7, 15, -9]   [1.732051, 1.732051, 1.0, 1.732051, 1.732051]   98.8634   98.1083    0.7781  196.9488      0
  6 2112221        [1, -1, 3, -3, 9, -9]    [1.0, 1.732051, 1.732051, 1.732051, 1.732051]    0.7887    0.9052    0.1820    1.6380      0
  6 2120101        [1, -1, 5, -5, 9, -9]    [1.0, 1.732051, 1.732051, 1.732051, 1.732051]    0.6453    1.1948   -0.5090    1.7996   3103
  6 2120221        [1, 1, 3, 1, 3, -9]      [1.0, 1.732051, 1.732051, 1.732051, 1.732051]    0.3959    0.7422   -0.3462    1.1380   3455
  6 2121011        [1, -3, 7, -11, 15, -9]  [1.0, 1.732051, 1.732051, 1.732051, 1.732051]    1.7432    1.8483   -0.1051    3.5913    450
  6 2121121        [1, -1, 3, -3, 9, -9]    [1.0, 1.732051, 1.732051, 1.732051, 1.732051]    0.7887    0.9052    0.1820    1.6380      0
  6 2121211        [1, 1, 1, 3, 3, -9]      [1.0, 1.732051, 1.732051, 1.732051, 1.732051]    0.4456    0.6727   -0.2263    1.1175   2407
  6 2122121        [1, -1, 3, -3, 9, -9]    [1.0, 1.732051, 1.732051, 1.732051, 1.732051]    0.7887    0.9052    0.1820    1.6380      0
  6 2200001        [1, -1, 3, -3, 9, -9]    [1.0, 1.732051, 1.732051, 1.732051, 1.732051]    0.7887    0.9052    0.1820    1.6380      0
  6 2200021        [1, -1, -1, 1, 9, -9]    [1.732051, 1.732051, 1.0, 1.732051, 1.732051]    1.4196    1.2794    0.1805    2.6588      0
  6 2201101        [1, 1, 1, 3, 3, -9]      [1.0, 1.732051, 1.732051, 1.732051, 1.732051]    0.4456    0.6727   -0.2263    1.1175   2407
  6 2202001        [1, -1, 3, -3, 9, -9]    [1.0, 1.732051, 1.732051, 1.732051, 1.732051]    0.7887    0.9052    0.1820    1.6380      0
  6 2202121        [1, 1, 3, 1, 3, -9]      [1.0, 1.732051, 1.732051, 1.732051, 1.732051]    0.3959    0.7422   -0.3462    1.1380   3455
  6 2202221        [1, -3, 7, -11, 15, -9]  [1.0, 1.732051, 1.732051, 1.732051, 1.732051]    1.7432    1.8483   -0.1051    3.5913    450
  6 2210111        [1, -3, 7, -11, 15, -9]  [1.0, 1.732051, 1.732051, 1.732051, 1.732051]    1.7432    1.8483   -0.1051    3.5913    450
  6 2210201        [1, -1, -1, 1, 9, -9]    [1.732051, 1.732051, 1.0, 1.732051, 1.732051]    1.4196    1.2794    0.1805    2.6588      0
  6 2211001        [1, 1, 1, 3, 3, -9]      [1.0, 1.732051, 1.732051, 1.732051, 1.732051]    0.4456    0.6727   -0.2263    1.1175   2407
  6 2211101        [1, -3, 3, -7, 15, -9]   [1.732051, 1.732051, 1.0, 1.732051, 1.732051]   98.8634   98.1083    0.7781  196.9488      0
  6 2211211        [1, -1, 3, -3, 9, -9]    [1.0, 1.732051, 1.732051, 1.732051, 1.732051]    0.7887    0.9052    0.1820    1.6380      0
  6 2212021        [1, 1, 3, 1, 3, -9]      [1.0, 1.732051, 1.732051, 1.732051, 1.732051]    0.3959    0.7422   -0.3462    1.1380   3455
  6 2212121        [1, -3, 5, -9, 15, -9]   [1.732051, 1.732051, 1.0, 1.732051, 1.732051]    3.4260    3.1160    0.4088    6.4433      0
  6 2212201        [1, -1, 5, -5, 9, -9]    [1.0, 1.732051, 1.732051, 1.732051, 1.732051]    0.6453    1.1948   -0.5090    1.7996   3103
  6 2212211        [1, -1, 3, -3, 9, -9]    [1.0, 1.732051, 1.732051, 1.732051, 1.732051]    0.7887    0.9052    0.1820    1.6380      0
  6 2220101        [1, -1, 5, -5, 9, -9]    [1.0, 1.732051, 1.732051, 1.732051, 1.732051]    0.6453    1.1948   -0.5090    1.7996   3103
  6 2220211        [1, 1, 3, 1, 3, -9]      [1.0, 1.732051, 1.732051, 1.732051, 1.732051]    0.3959    0.7422   -0.3462    1.1380   3455
  6 2221111        [1, -1, 3, -3, 9, -9]    [1.0, 1.732051, 1.732051, 1.732051, 1.732051]    0.7887    0.9052    0.1820    1.6380      0
  6 2222021        [1, -3, 7, -11, 15, -9]  [1.0, 1.732051, 1.732051, 1.732051, 1.732051]    1.7432    1.8483   -0.1051    3.5913    450
  6 2222111        [1, -1, 3, -3, 9, -9]    [1.0, 1.732051, 1.732051, 1.732051, 1.732051]    0.7887    0.9052    0.1820    1.6380      0
  6 2222221        [1, 1, 1, 3, 3, -9]      [1.0, 1.732051, 1.732051, 1.732051, 1.732051]    0.4456    0.6727   -0.2263    1.1175   2407
  7 10000121       [1, -1, 3, -5, 9, -9, 27] [1.732051, 1.732051, 1.732051, 1.732051, 1.732051, 1.732051]    0.5311    1.2629   -0.7284    1.7906   4350
  7 10000201       [1, -3, 3, -1, 9, -27, 27] [1.732051, 1.732051, 1.732051, 1.732051, 1.732051, 1.732051]    2.9116    4.8181   -1.9055    7.7267   3930
  7 10001011       [1, -1, 1, -3, 3, -9, 27] [1.732051, 1.732051, 1.732051, 1.732051, 1.732051, 1.732051]    1.0700    1.6561   -0.5844    2.7234   3001
  7 10001111       [1, -1, 1, -5, 3, -9, 27] [1.732051, 1.732051, 1.732051, 1.732051, 1.732051, 1.732051]    1.8191    2.3885   -0.5648    4.2055   2233
  7 10001201       [1, 1, 3, -1, 9, 9, 27]  [1.732051, 1.732051, 1.732051, 1.732051, 1.732051, 1.732051]    0.2015    1.2489   -1.0411    1.4436   7175
  7 10002211       [1, -3, 5, -7, 15, -27, 27] [1.732051, 1.732051, 1.732051, 1.732051, 1.732051, 1.732051]    1.9154    3.3142   -1.3949    5.2250   3963
  7 10002221       [1, 1, 1, 5, 3, 9, 27]   [1.732051, 1.732051, 1.732051, 1.732051, 1.732051, 1.732051]    0.2090    0.9147   -0.7050    1.1210   6057
  7 10011101       [1, 1, -1, -5, -3, 9, 27] [1.732051, 1.732051, 1.732051, 1.732051, 1.732051, 1.732051]    0.6554    1.2421   -0.5772    1.8894   3127
  7 10011211       [1, -1, 3, -1, 9, -9, 27] [1.732051, 1.732051, 1.732051, 1.732051, 1.732051, 1.732051]    0.3770    1.2995   -0.9218    1.6741   5786
  7 10012001       [1, -1, 5, -3, 15, -9, 27] [1.732051, 1.732051, 1.732051, 1.732051, 1.732051, 1.732051]    0.2777    1.5570   -1.2782    1.8337   6937
  7 10012111       [1, -3, 7, -11, 21, -27, 27] [1.732051, 1.732051, 1.732051, 1.732051, 1.732051, 1.732051]    0.9211    2.7453   -1.8167    3.6616   5664
  7 10020121       [1, -1, 1, 1, 3, -9, 27] [1.732051, 1.732051, 1.732051, 1.732051, 1.732051, 1.732051]    0.5867    1.3120   -0.7210    1.8942   4525
  7 10020221       [1, -1, 1, -7, 3, -9, 27] [1.732051, 1.732051, 1.732051, 1.732051, 1.732051, 1.732051]    6.0674    6.6492   -0.5797   12.7097   1180
  7 10021001       [1, 1, 1, 3, 3, 9, 27]   [1.732051, 1.732051, 1.732051, 1.732051, 1.732051, 1.732051]    0.2273    0.8563   -0.6278    1.0835   5592
  7 10022021       [1, 1, 5, 3, 15, 9, 27]  [1.732051, 1.732051, 1.732051, 1.732051, 1.732051, 1.732051]    0.1415    1.2100   -1.0637    1.3466   7956
  7 10022101       [1, -1, 1, 1, 3, -9, 27] [1.732051, 1.732051, 1.732051, 1.732051, 1.732051, 1.732051]    0.5867    1.3120   -0.7210    1.8942   4525
  7 10100011       [1, -1, 1, -3, 3, -9, 27] [1.732051, 1.732051, 1.732051, 1.732051, 1.732051, 1.732051]    1.0700    1.6561   -0.5844    2.7234   3001
  7 10100201       [1, 1, 3, 5, 9, 9, 27]   [1.732051, 1.732051, 1.732051, 1.732051, 1.732051, 1.732051]    0.1635    0.9162   -0.7481    1.0765   6809
  7 10100221       [1, -3, 5, -7, 15, -27, 27] [1.732051, 1.732051, 1.732051, 1.732051, 1.732051, 1.732051]    1.9154    3.3142   -1.3949    5.2250   3963
  7 10101101       [1, -1, 1, 1, 3, -9, 27] [1.732051, 1.732051, 1.732051, 1.732051, 1.732051, 1.732051]    0.5867    1.3120   -0.7210    1.8942   4525
  7 10101211       [1, -3, 9, -15, 27, -27, 27] [1.732051, 1.732051, 1.732051, 1.732051, 1.732051, 1.732051]    0.6064    2.8571   -2.2460    3.4578   6602
  7 10102201       [1, -3, 5, -7, 15, -27, 27] [1.732051, 1.732051, 1.732051, 1.732051, 1.732051, 1.732051]    1.9154    3.3142   -1.3949    5.2250   3963
  7 10110101       [1, 1, 5, 3, 15, 9, 27]  [1.732051, 1.732051, 1.732051, 1.732051, 1.732051, 1.732051]    0.1415    1.2100   -1.0637    1.3466   7956
  7 10110211       [1, -1, 3, -5, 9, -9, 27] [1.732051, 1.732051, 1.732051, 1.732051, 1.732051, 1.732051]    0.5311    1.2629   -0.7284    1.7906   4350
  7 10111001       [1, -1, 3, -7, 9, -9, 27] [1.732051, 1.732051, 1.732051, 1.732051, 1.732051, 1.732051]    0.6675    1.4462   -0.7766    2.1127   3816
  7 10111121       [1, 1, 1, -1, 3, 9, 27]  [1.732051, 1.732051, 1.732051, 1.732051, 1.732051, 1.732051]    0.2756    0.8950   -0.6181    1.1652   4935
  7 10111201       [1, -1, 3, 1, 9, -9, 27] [1.732051, 1.732051, 1.732051, 1.732051, 1.732051, 1.732051]    0.3292    1.7913   -1.4576    2.1137   7040
  7 10112021       [1, -1, 1, -3, 3, -9, 27] [1.732051, 1.732051, 1.732051, 1.732051, 1.732051, 1.732051]    1.0700    1.6561   -0.5844    2.7234   3001
  7 10112111       [1, 1, 1, -1, 3, 9, 27]  [1.732051, 1.732051, 1.732051, 1.732051, 1.732051, 1.732051]    0.2756    0.8950   -0.6181    1.1652   4935
  7 10120021       [1, -3, 9, -17, 27, -27, 27] [1.732051, 1.732051, 1.732051, 1.732051, 1.732051, 1.732051]    0.7910    2.6260   -1.8315    3.4124   5173
  7 10121201       [1, -1, -1, 3, -3, -9, 27] [1.732051, 1.732051, 1.732051, 1.732051, 1.732051, 1.732051]    1.3228    1.9431   -0.6193    3.2636   2980
  7 10122001       [1, -3, 9, -17, 27, -27, 27] [1.732051, 1.732051, 1.732051, 1.732051, 1.732051, 1.732051]    0.7910    2.6260   -1.8315    3.4124   5173
  7 10122011       [1, 1, 3, 3, 9, 9, 27]   [1.732051, 1.732051, 1.732051, 1.732051, 1.732051, 1.732051]    0.1745    0.8929   -0.7168    1.0644   6599
  7 10122221       [1, -1, 3, 1, 9, -9, 27] [1.732051, 1.732051, 1.732051, 1.732051, 1.732051, 1.732051]    0.3292    1.7913   -1.4576    2.1137   7040
  7 10200001       [1, -1, 3, -3, 9, -9, 27] [1.732051, 1.732051, 1.732051, 1.732051, 1.732051, 1.732051]    0.4409    1.2141   -0.7721    1.6540   4999
  7 10200101       [1, -1, 3, -5, 9, -9, 27] [1.732051, 1.732051, 1.732051, 1.732051, 1.732051, 1.732051]    0.5311    1.2629   -0.7284    1.7906   4350
  7 10200211       [1, -3, 5, -7, 15, -27, 27] [1.732051, 1.732051, 1.732051, 1.732051, 1.732051, 1.732051]    1.9154    3.3142   -1.3949    5.2250   3963
  7 10201021       [1, -1, -1, 1, -3, -9, 27] [1.732051, 1.732051, 1.732051, 1.732051, 1.732051, 1.732051]    2.6948    3.2495   -0.5472    5.9336   1965
  7 10201121       [1, -1, 5, -7, 15, -9, 27] [1.732051, 1.732051, 1.732051, 1.732051, 1.732051, 1.732051]    0.3532    1.6521   -1.2917    2.0038   6269
  7 10202011       [1, -1, 5, -5, 15, -9, 27] [1.732051, 1.732051, 1.732051, 1.732051, 1.732051, 1.732051]    0.3109    1.3648   -1.0486    1.6722   6117
  7 10210001       [1, -1, -1, 1, -3, -9, 27] [1.732051, 1.732051, 1.732051, 1.732051, 1.732051, 1.732051]    2.6948    3.2495   -0.5472    5.9336   1965
  7 10210121       [1, 1, 3, -1, 9, 9, 27]  [1.732051, 1.732051, 1.732051, 1.732051, 1.732051, 1.732051]    0.2015    1.2489   -1.0411    1.4436   7175
  7 10211101       [1, -3, 7, -13, 21, -27, 27] [1.732051, 1.732051, 1.732051, 1.732051, 1.732051, 1.732051]    1.4271    2.5940   -1.1637    4.0140   3827
  7 10211111       [1, 1, 1, 1, 3, 9, 27]   [1.732051, 1.732051, 1.732051, 1.732051, 1.732051, 1.732051]    0.2491    0.8532   -0.6013    1.1006   5223
  7 10211221       [1, -1, 1, -5, 3, -9, 27] [1.732051, 1.732051, 1.732051, 1.732051, 1.732051, 1.732051]    1.8191    2.3885   -0.5648    4.2055   2233
  7 10212011       [1, -1, 1, -1, 3, -9, 27] [1.732051, 1.732051, 1.732051, 1.732051, 1.732051, 1.732051]    0.7579    1.3905   -0.6304    2.1455   3758
  7 10212101       [1, 1, 3, 5, 9, 9, 27]   [1.732051, 1.732051, 1.732051, 1.732051, 1.732051, 1.732051]    0.1635    0.9162   -0.7481    1.0765   6809
  7 10220101       [1, -1, 1, 3, 3, -9, 27] [1.732051, 1.732051, 1.732051, 1.732051, 1.732051, 1.732051]    0.4786    1.4021   -0.9218    1.8771   5510
  7 10221221       [1, -1, 3, -1, 9, -9, 27] [1.732051, 1.732051, 1.732051, 1.732051, 1.732051, 1.732051]    0.3770    1.2995   -0.9218    1.6741   5786
  7 10222021       [1, -3, 7, -11, 21, -27, 27] [1.732051, 1.732051, 1.732051, 1.732051, 1.732051, 1.732051]    0.9211    2.7453   -1.8167    3.6616   5664
  7 10222111       [1, -1, 3, -5, 9, -9, 27] [1.732051, 1.732051, 1.732051, 1.732051, 1.732051, 1.732051]    0.5311    1.2629   -0.7284    1.7906   4350
  7 10222211       [1, -1, 3, -1, 9, -9, 27] [1.732051, 1.732051, 1.732051, 1.732051, 1.732051, 1.732051]    0.3770    1.2995   -0.9218    1.6741   5786
  7 11000101       [1, -3, 5, -5, 15, -27, 27] [1.732051, 1.732051, 1.732051, 1.732051, 1.732051, 1.732051]    1.1026    8.0612   -6.9412    9.1470   7842
  7 11001211       [1, -1, -1, 3, -3, -9, 27] [1.732051, 1.732051, 1.732051, 1.732051, 1.732051, 1.732051]    1.3228    1.9431   -0.6193    3.2636   2980
  7 11002121       [1, 1, 3, 5, 9, 9, 27]   [1.732051, 1.732051, 1.732051, 1.732051, 1.732051, 1.732051]    0.1635    0.9162   -0.7481    1.0765   6809
  7 11010001       [1, -3, 5, -9, 15, -27, 27] [1.732051, 1.732051, 1.732051, 1.732051, 1.732051, 1.732051]    7.2896    8.2631   -0.9640   15.5496   1739
  7 11010121       [1, -1, 1, 5, 3, -9, 27] [1.732051, 1.732051, 1.732051, 1.732051, 1.732051, 1.732051]    0.4042    2.0317   -1.6237    2.4313   7001
  7 11010221       [1, -1, 3, -5, 9, -9, 27] [1.732051, 1.732051, 1.732051, 1.732051, 1.732051, 1.732051]    0.5311    1.2629   -0.7284    1.7906   4350
  7 11011111       [1, -1, 5, -3, 15, -9, 27] [1.732051, 1.732051, 1.732051, 1.732051, 1.732051, 1.732051]    0.2777    1.5570   -1.2782    1.8337   6937
  7 11020021       [1, -1, 1, -3, 3, -9, 27] [1.732051, 1.732051, 1.732051, 1.732051, 1.732051, 1.732051]    1.0700    1.6561   -0.5844    2.7234   3001
  7 11020201       [1, -3, 5, -7, 15, -27, 27] [1.732051, 1.732051, 1.732051, 1.732051, 1.732051, 1.732051]    1.9154    3.3142   -1.3949    5.2250   3963
  7 11021111       [1, -1, 1, 3, 3, -9, 27] [1.732051, 1.732051, 1.732051, 1.732051, 1.732051, 1.732051]    0.4786    1.4021   -0.9218    1.8771   5510
  7 11021201       [1, 1, 5, 5, 15, 9, 27]  [1.732051, 1.732051, 1.732051, 1.732051, 1.732051, 1.732051]    0.1342    1.1498   -1.0101    1.2824   7942
  7 11022101       [1, -1, 3, 1, 9, -9, 27] [1.732051, 1.732051, 1.732051, 1.732051, 1.732051, 1.732051]    0.3292    1.7913   -1.4576    2.1137   7040
  7 11022211       [1, -3, 7, -15, 21, -27, 27] [1.732051, 1.732051, 1.732051, 1.732051, 1.732051, 1.732051]    3.1664    4.2043   -1.0330    7.3669   2336
  7 11022221       [1, 1, 3, 7, 9, 9, 27]   [1.732051, 1.732051, 1.732051, 1.732051, 1.732051, 1.732051]    0.1538    1.0391   -0.8838    1.1869   7350
  7 11100121       [1, -3, 7, -13, 21, -27, 27] [1.732051, 1.732051, 1.732051, 1.732051, 1.732051, 1.732051]    1.4271    2.5940   -1.1637    4.0140   3827
  7 11101111       [1, -3, 5, -5, 15, -27, 27] [1.732051, 1.732051, 1.732051, 1.732051, 1.732051, 1.732051]    1.1026    8.0612   -6.9412    9.1470   7842
  7 11101121       [1, 1, 1, -5, 3, 9, 27]  [1.732051, 1.732051, 1.732051, 1.732051, 1.732051, 1.732051]    0.3498    1.4008   -1.0465    1.7468   5692
  7 11102111       [1, 1, 1, -1, 3, 9, 27]  [1.732051, 1.732051, 1.732051, 1.732051, 1.732051, 1.732051]    0.2756    0.8950   -0.6181    1.1652   4935
  7 11110001       [1, 1, 5, 5, 15, 9, 27]  [1.732051, 1.732051, 1.732051, 1.732051, 1.732051, 1.732051]    0.1342    1.1498   -1.0101    1.2824   7942
  7 11110111       [1, -1, 5, -7, 15, -9, 27] [1.732051, 1.732051, 1.732051, 1.732051, 1.732051, 1.732051]    0.3532    1.6521   -1.2917    2.0038   6269
  7 11110211       [1, -1, 1, -1, 3, -9, 27] [1.732051, 1.732051, 1.732051, 1.732051, 1.732051, 1.732051]    0.7579    1.3905   -0.6304    2.1455   3758
  7 11111011       [1, -3, 5, -9, 15, -27, 27] [1.732051, 1.732051, 1.732051, 1.732051, 1.732051, 1.732051]    7.2896    8.2631   -0.9640   15.5496   1739
  7 11111021       [1, 1, 1, 1, 3, 9, 27]   [1.732051, 1.732051, 1.732051, 1.732051, 1.732051, 1.732051]    0.2491    0.8532   -0.6013    1.1006   5223
  7 11111201       [1, -1, 1, -5, 3, -9, 27] [1.732051, 1.732051, 1.732051, 1.732051, 1.732051, 1.732051]    1.8191    2.3885   -0.5648    4.2055   2233
  7 11112011       [1, 1, 1, 1, 3, 9, 27]   [1.732051, 1.732051, 1.732051, 1.732051, 1.732051, 1.732051]    0.2491    0.8532   -0.6013    1.1006   5223
  7 11112221       [1, -1, 5, -5, 15, -9, 27] [1.732051, 1.732051, 1.732051, 1.732051, 1.732051, 1.732051]    0.3109    1.3648   -1.0486    1.6722   6117
  7 11120111       [1, -1, 1, 1, 3, -9, 27] [1.732051, 1.732051, 1.732051, 1.732051, 1.732051, 1.732051]    0.5867    1.3120   -0.7210    1.8942   4525
  7 11120221       [1, -3, 7, -13, 21, -27, 27] [1.732051, 1.732051, 1.732051, 1.732051, 1.732051, 1.732051]    1.4271    2.5940   -1.1637    4.0140   3827
  7 11121001       [1, -1, -1, 7, -3, -9, 27] [1.732051, 1.732051, 1.732051, 1.732051, 1.732051, 1.732051]    0.6554    1.5982   -0.9377    2.2474   5005
  7 11121101       [1, -1, 1, 5, 3, -9, 27] [1.732051, 1.732051, 1.732051, 1.732051, 1.732051, 1.732051]    0.4042    2.0317   -1.6237    2.4313   7001
  7 11122021       [1, -1, 3, -7, 9, -9, 27] [1.732051, 1.732051, 1.732051, 1.732051, 1.732051, 1.732051]    0.6675    1.4462   -0.7766    2.1127   3816
  7 11122201       [1, -3, 7, -15, 21, -27, 27] [1.732051, 1.732051, 1.732051, 1.732051, 1.732051, 1.732051]    3.1664    4.2043   -1.0330    7.3669   2336
  7 11200201       [1, -1, 1, -1, 3, -9, 27] [1.732051, 1.732051, 1.732051, 1.732051, 1.732051, 1.732051]    0.7579    1.3905   -0.6304    2.1455   3758
  7 11201021       [1, -1, 5, -5, 15, -9, 27] [1.732051, 1.732051, 1.732051, 1.732051, 1.732051, 1.732051]    0.3109    1.3648   -1.0486    1.6722   6117
  7 11201101       [1, -3, 7, -11, 21, -27, 27] [1.732051, 1.732051, 1.732051, 1.732051, 1.732051, 1.732051]    0.9211    2.7453   -1.8167    3.6616   5664
  7 11201111       [1, 1, 1, 5, 3, 9, 27]   [1.732051, 1.732051, 1.732051, 1.732051, 1.732051, 1.732051]    0.2090    0.9147   -0.7050    1.1210   6057
  7 11201221       [1, -1, 3, -7, 9, -9, 27] [1.732051, 1.732051, 1.732051, 1.732051, 1.732051, 1.732051]    0.6675    1.4462   -0.7766    2.1127   3816
  7 11202121       [1, -3, 5, -5, 15, -27, 27] [1.732051, 1.732051, 1.732051, 1.732051, 1.732051, 1.732051]    1.1026    8.0612   -6.9412    9.1470   7842
  7 11202211       [1, -1, 3, 1, 9, -9, 27] [1.732051, 1.732051, 1.732051, 1.732051, 1.732051, 1.732051]    0.3292    1.7913   -1.4576    2.1137   7040
  7 11210011       [1, -3, 7, -11, 21, -27, 27] [1.732051, 1.732051, 1.732051, 1.732051, 1.732051, 1.732051]    0.9211    2.7453   -1.8167    3.6616   5664
  7 11210021       [1, 1, 3, 7, 9, 9, 27]   [1.732051, 1.732051, 1.732051, 1.732051, 1.732051, 1.732051]    0.1538    1.0391   -0.8838    1.1869   7350
  7 11210101       [1, -1, 1, -1, 3, -9, 27] [1.732051, 1.732051, 1.732051, 1.732051, 1.732051, 1.732051]    0.7579    1.3905   -0.6304    2.1455   3758
  7 11211001       [1, -3, 7, -11, 21, -27, 27] [1.732051, 1.732051, 1.732051, 1.732051, 1.732051, 1.732051]    0.9211    2.7453   -1.8167    3.6616   5664
  7 11211221       [1, -1, -1, 3, -3, -9, 27] [1.732051, 1.732051, 1.732051, 1.732051, 1.732051, 1.732051]    1.3228    1.9431   -0.6193    3.2636   2980
  7 11220001       [1, -1, 1, -1, 3, -9, 27] [1.732051, 1.732051, 1.732051, 1.732051, 1.732051, 1.732051]    0.7579    1.3905   -0.6304    2.1455   3758
  7 11220211       [1, -3, 7, -13, 21, -27, 27] [1.732051, 1.732051, 1.732051, 1.732051, 1.732051, 1.732051]    1.4271    2.5940   -1.1637    4.0140   3827
  7 11221121       [1, -1, -1, 5, -3, -9, 27] [1.732051, 1.732051, 1.732051, 1.732051, 1.732051, 1.732051]    0.8765    1.6064   -0.7114    2.4813   3918
  7 11222011       [1, -1, 3, -9, 9, -9, 27] [1.732051, 1.732051, 1.732051, 1.732051, 1.732051, 1.732051]    0.8983    1.9902   -1.0802    2.8812   3586
  7 11222201       [1, 1, 3, 1, 9, 9, 27]   [1.732051, 1.732051, 1.732051, 1.732051, 1.732051, 1.732051]    0.1870    0.9532   -0.7657    1.1370   6581
  7 11222221       [1, -3, 5, -7, 15, -27, 27] [1.732051, 1.732051, 1.732051, 1.732051, 1.732051, 1.732051]    1.9154    3.3142   -1.3949    5.2250   3963
  7 12000121       [1, -1, 1, -3, 3, -9, 27] [1.732051, 1.732051, 1.732051, 1.732051, 1.732051, 1.732051]    1.0700    1.6561   -0.5844    2.7234   3001
  7 12001021       [1, -3, 5, -9, 15, -27, 27] [1.732051, 1.732051, 1.732051, 1.732051, 1.732051, 1.732051]    7.2896    8.2631   -0.9640   15.5496   1739
  7 12001211       [1, -1, 3, 1, 9, -9, 27] [1.732051, 1.732051, 1.732051, 1.732051, 1.732051, 1.732051]    0.3292    1.7913   -1.4576    2.1137   7040
  7 12002011       [1, -3, 5, -9, 15, -27, 27] [1.732051, 1.732051, 1.732051, 1.732051, 1.732051, 1.732051]    7.2896    8.2631   -0.9640   15.5496   1739
  7 12002021       [1, 1, 1, 3, 3, 9, 27]   [1.732051, 1.732051, 1.732051, 1.732051, 1.732051, 1.732051]    0.2273    0.8563   -0.6278    1.0835   5592
  7 12002101       [1, -1, 1, 1, 3, -9, 27] [1.732051, 1.732051, 1.732051, 1.732051, 1.732051, 1.732051]    0.5867    1.3120   -0.7210    1.8942   4525
  7 12010021       [1, -1, 5, -3, 15, -9, 27] [1.732051, 1.732051, 1.732051, 1.732051, 1.732051, 1.732051]    0.2777    1.5570   -1.2782    1.8337   6937
  7 12010121       [1, -1, 3, -3, 9, -9, 27] [1.732051, 1.732051, 1.732051, 1.732051, 1.732051, 1.732051]    0.4409    1.2141   -0.7721    1.6540   4999
  7 12010201       [1, -3, 7, -13, 21, -27, 27] [1.732051, 1.732051, 1.732051, 1.732051, 1.732051, 1.732051]    1.4271    2.5940   -1.1637    4.0140   3827
  7 12010211       [1, 1, 1, 1, 3, 9, 27]   [1.732051, 1.732051, 1.732051, 1.732051, 1.732051, 1.732051]    0.2491    0.8532   -0.6013    1.1006   5223
  7 12011111       [1, -1, 1, -1, 3, -9, 27] [1.732051, 1.732051, 1.732051, 1.732051, 1.732051, 1.732051]    0.7579    1.3905   -0.6304    2.1455   3758
  7 12011221       [1, -3, 9, -15, 27, -27, 27] [1.732051, 1.732051, 1.732051, 1.732051, 1.732051, 1.732051]    0.6064    2.8571   -2.2460    3.4578   6602
  7 12012221       [1, 1, -1, -3, -3, 9, 27] [1.732051, 1.732051, 1.732051, 1.732051, 1.732051, 1.732051]    0.5234    1.1068   -0.5817    1.6292   3483
  7 12020021       [1, -1, 1, -3, 3, -9, 27] [1.732051, 1.732051, 1.732051, 1.732051, 1.732051, 1.732051]    1.0700    1.6561   -0.5844    2.7234   3001
  7 12021101       [1, 1, 5, 7, 15, 9, 27]  [1.732051, 1.732051, 1.732051, 1.732051, 1.732051, 1.732051]    0.1276    1.5678   -1.4366    1.6922   8482
  7 12022001       [1, -1, 1, -3, 3, -9, 27] [1.732051, 1.732051, 1.732051, 1.732051, 1.732051, 1.732051]    1.0700    1.6561   -0.5844    2.7234   3001
  7 12022111       [1, -3, 7, -13, 21, -27, 27] [1.732051, 1.732051, 1.732051, 1.732051, 1.732051, 1.732051]    1.4271    2.5940   -1.1637    4.0140   3827
  7 12022201       [1, -1, 3, -1, 9, -9, 27] [1.732051, 1.732051, 1.732051, 1.732051, 1.732051, 1.732051]    0.3770    1.2995   -0.9218    1.6741   5786
  7 12100001       [1, 1, 3, 9, 9, 9, 27]   [1.732051, 1.732051, 1.732051, 1.732051, 1.732051, 1.732051]    0.1452    1.5285   -1.3731    1.6633   8226
  7 12100021       [1, -3, 5, -9, 15, -27, 27] [1.732051, 1.732051, 1.732051, 1.732051, 1.732051, 1.732051]    7.2896    8.2631   -0.9640   15.5496   1739
  7 12100111       [1, -1, -1, 5, -3, -9, 27] [1.732051, 1.732051, 1.732051, 1.732051, 1.732051, 1.732051]    0.8765    1.6064   -0.7114    2.4813   3918
  7 12101011       [1, -3, 9, -17, 27, -27, 27] [1.732051, 1.732051, 1.732051, 1.732051, 1.732051, 1.732051]    0.7910    2.6260   -1.8315    3.4124   5173
  7 12101021       [1, 1, -1, -1, -3, 9, 27] [1.732051, 1.732051, 1.732051, 1.732051, 1.732051, 1.732051]    0.4356    1.0907   -0.6493    1.5204   3988
  7 12101201       [1, -1, 3, -7, 9, -9, 27] [1.732051, 1.732051, 1.732051, 1.732051, 1.732051, 1.732051]    0.6675    1.4462   -0.7766    2.1127   3816
  7 12102001       [1, -3, 5, -9, 15, -27, 27] [1.732051, 1.732051, 1.732051, 1.732051, 1.732051, 1.732051]    7.2896    8.2631   -0.9640   15.5496   1739
  7 12102121       [1, -1, 3, -5, 9, -9, 27] [1.732051, 1.732051, 1.732051, 1.732051, 1.732051, 1.732051]    0.5311    1.2629   -0.7284    1.7906   4350
  7 12110111       [1, -1, 1, 1, 3, -9, 27] [1.732051, 1.732051, 1.732051, 1.732051, 1.732051, 1.732051]    0.5867    1.3120   -0.7210    1.8942   4525
  7 12110201       [1, 1, 1, 7, 3, 9, 27]   [1.732051, 1.732051, 1.732051, 1.732051, 1.732051, 1.732051]    0.1935    1.1552   -0.9573    1.3481   7094
  7 12110221       [1, -3, 3, -1, 9, -27, 27] [1.732051, 1.732051, 1.732051, 1.732051, 1.732051, 1.732051]    2.9116    4.8181   -1.9055    7.7267   3930
  7 12111101       [1, -1, 1, -3, 3, -9, 27] [1.732051, 1.732051, 1.732051, 1.732051, 1.732051, 1.732051]    1.0700    1.6561   -0.5844    2.7234   3001
  7 12112121       [1, -1, 5, -3, 15, -9, 27] [1.732051, 1.732051, 1.732051, 1.732051, 1.732051, 1.732051]    0.2777    1.5570   -1.2782    1.8337   6937
  7 12112211       [1, 1, 3, -1, 9, 9, 27]  [1.732051, 1.732051, 1.732051, 1.732051, 1.732051, 1.732051]    0.2015    1.2489   -1.0411    1.4436   7175
  7 12120011       [1, -1, -1, 7, -3, -9, 27] [1.732051, 1.732051, 1.732051, 1.732051, 1.732051, 1.732051]    0.6554    1.5982   -0.9377    2.2474   5005
  7 12120121       [1, -3, 7, -11, 21, -27, 27] [1.732051, 1.732051, 1.732051, 1.732051, 1.732051, 1.732051]    0.9211    2.7453   -1.8167    3.6616   5664
  7 12120211       [1, -1, 1, -7, 3, -9, 27] [1.732051, 1.732051, 1.732051, 1.732051, 1.732051, 1.732051]    6.0674    6.6492   -0.5797   12.7097   1180
  7 12121121       [1, 1, 1, 3, 3, 9, 27]   [1.732051, 1.732051, 1.732051, 1.732051, 1.732051, 1.732051]    0.2273    0.8563   -0.6278    1.0835   5592
  7 12200101       [1, -1, 1, -5, 3, -9, 27] [1.732051, 1.732051, 1.732051, 1.732051, 1.732051, 1.732051]    1.8191    2.3885   -0.5648    4.2055   2233
  7 12201011       [1, 1, -1, -7, -3, 9, 27] [1.732051, 1.732051, 1.732051, 1.732051, 1.732051, 1.732051]    0.8765    1.5324   -0.6196    2.3971   2773
  7 12201121       [1, -1, 3, 1, 9, -9, 27] [1.732051, 1.732051, 1.732051, 1.732051, 1.732051, 1.732051]    0.3292    1.7913   -1.4576    2.1137   7040
  7 12202001       [1, 1, 1, 3, 3, 9, 27]   [1.732051, 1.732051, 1.732051, 1.732051, 1.732051, 1.732051]    0.2273    0.8563   -0.6278    1.0835   5592
  7 12202111       [1, -1, 3, -3, 9, -9, 27] [1.732051, 1.732051, 1.732051, 1.732051, 1.732051, 1.732051]    0.4409    1.2141   -0.7721    1.6540   4999
  7 12210211       [1, -3, 3, -1, 9, -27, 27] [1.732051, 1.732051, 1.732051, 1.732051, 1.732051, 1.732051]    2.9116    4.8181   -1.9055    7.7267   3930
  7 12211021       [1, -1, 1, -1, 3, -9, 27] [1.732051, 1.732051, 1.732051, 1.732051, 1.732051, 1.732051]    0.7579    1.3905   -0.6304    2.1455   3758
  7 12211201       [1, -3, 9, -15, 27, -27, 27] [1.732051, 1.732051, 1.732051, 1.732051, 1.732051, 1.732051]    0.6064    2.8571   -2.2460    3.4578   6602
  7 12211211       [1, 1, 3, 1, 9, 9, 27]   [1.732051, 1.732051, 1.732051, 1.732051, 1.732051, 1.732051]    0.1870    0.9532   -0.7657    1.1370   6581
  7 12212201       [1, 1, -1, -3, -3, 9, 27] [1.732051, 1.732051, 1.732051, 1.732051, 1.732051, 1.732051]    0.5234    1.1068   -0.5817    1.6292   3483
  7 12212221       [1, -3, 7, -15, 21, -27, 27] [1.732051, 1.732051, 1.732051, 1.732051, 1.732051, 1.732051]    3.1664    4.2043   -1.0330    7.3669   2336
  7 12220001       [1, -1, 1, -1, 3, -9, 27] [1.732051, 1.732051, 1.732051, 1.732051, 1.732051, 1.732051]    0.7579    1.3905   -0.6304    2.1455   3758
  7 12221021       [1, -1, 3, -9, 9, -9, 27] [1.732051, 1.732051, 1.732051, 1.732051, 1.732051, 1.732051]    0.8983    1.9902   -1.0802    2.8812   3586
  7 12221111       [1, 1, 1, -3, 3, 9, 27]  [1.732051, 1.732051, 1.732051, 1.732051, 1.732051, 1.732051]    0.3083    1.0078   -0.6978    1.3147   4894
  7 12221221       [1, -1, -1, 3, -3, -9, 27] [1.732051, 1.732051, 1.732051, 1.732051, 1.732051, 1.732051]    1.3228    1.9431   -0.6193    3.2636   2980
  7 12222011       [1, -1, 3, -3, 9, -9, 27] [1.732051, 1.732051, 1.732051, 1.732051, 1.732051, 1.732051]    0.4409    1.2141   -0.7721    1.6540   4999
  7 12222101       [1, 1, 3, 3, 9, 9, 27]   [1.732051, 1.732051, 1.732051, 1.732051, 1.732051, 1.732051]    0.1745    0.8929   -0.7168    1.0644   6599
  7 12222211       [1, -1, 5, -5, 15, -9, 27] [1.732051, 1.732051, 1.732051, 1.732051, 1.732051, 1.732051]    0.3109    1.3648   -1.0486    1.6722   6117
  7 20000111       [1, 1, 3, 5, 9, 9, 27]   [1.732051, 1.732051, 1.732051, 1.732051, 1.732051, 1.732051]    0.1635    0.9162   -0.7481    1.0765   6809
  7 20000201       [1, 3, 3, 1, 9, 27, 27]  [1.732051, 1.732051, 1.732051, 1.732051, 1.732051, 1.732051]    0.1306    1.3680   -1.2367    1.4980   8512
  7 20001211       [1, -1, 1, -5, 3, -9, 27] [1.732051, 1.732051, 1.732051, 1.732051, 1.732051, 1.732051]    1.8191    2.3885   -0.5648    4.2055   2233
  7 20001221       [1, 3, 5, 7, 15, 27, 27] [1.732051, 1.732051, 1.732051, 1.732051, 1.732051, 1.732051]    0.0986    1.1268   -1.0225    1.2238   8441
  7 20002021       [1, 1, 1, 3, 3, 9, 27]   [1.732051, 1.732051, 1.732051, 1.732051, 1.732051, 1.732051]    0.2273    0.8563   -0.6278    1.0835   5592
  7 20002121       [1, 1, 1, 5, 3, 9, 27]   [1.732051, 1.732051, 1.732051, 1.732051, 1.732051, 1.732051]    0.2090    0.9147   -0.7050    1.1210   6057
  7 20002201       [1, -1, 3, 1, 9, -9, 27] [1.732051, 1.732051, 1.732051, 1.732051, 1.732051, 1.732051]    0.3292    1.7913   -1.4576    2.1137   7040
  7 20011001       [1, 1, 5, 3, 15, 9, 27]  [1.732051, 1.732051, 1.732051, 1.732051, 1.732051, 1.732051]    0.1415    1.2100   -1.0637    1.3466   7956
  7 20011121       [1, 3, 7, 11, 21, 27, 27] [1.732051, 1.732051, 1.732051, 1.732051, 1.732051, 1.732051]    0.0816    1.3019   -1.2181    1.3809   8840
  7 20012101       [1, -1, -1, 5, -3, -9, 27] [1.732051, 1.732051, 1.732051, 1.732051, 1.732051, 1.732051]    0.8765    1.6064   -0.7114    2.4813   3918
  7 20012221       [1, 1, 3, 1, 9, 9, 27]   [1.732051, 1.732051, 1.732051, 1.732051, 1.732051, 1.732051]    0.1870    0.9532   -0.7657    1.1370   6581
  7 20020111       [1, 1, 1, -1, 3, 9, 27]  [1.732051, 1.732051, 1.732051, 1.732051, 1.732051, 1.732051]    0.2756    0.8950   -0.6181    1.1652   4935
  7 20020211       [1, 1, 1, 7, 3, 9, 27]   [1.732051, 1.732051, 1.732051, 1.732051, 1.732051, 1.732051]    0.1935    1.1552   -0.9573    1.3481   7094
  7 20021011       [1, -1, 5, -3, 15, -9, 27] [1.732051, 1.732051, 1.732051, 1.732051, 1.732051, 1.732051]    0.2777    1.5570   -1.2782    1.8337   6937
  7 20021101       [1, 1, 1, -1, 3, 9, 27]  [1.732051, 1.732051, 1.732051, 1.732051, 1.732051, 1.732051]    0.2756    0.8950   -0.6181    1.1652   4935
  7 20022001       [1, -1, 1, -3, 3, -9, 27] [1.732051, 1.732051, 1.732051, 1.732051, 1.732051, 1.732051]    1.0700    1.6561   -0.5844    2.7234   3001
  7 20100001       [1, 1, 3, 3, 9, 9, 27]   [1.732051, 1.732051, 1.732051, 1.732051, 1.732051, 1.732051]    0.1745    0.8929   -0.7168    1.0644   6599
  7 20100101       [1, 1, 3, 5, 9, 9, 27]   [1.732051, 1.732051, 1.732051, 1.732051, 1.732051, 1.732051]    0.1635    0.9162   -0.7481    1.0765   6809
  7 20100221       [1, 3, 5, 7, 15, 27, 27] [1.732051, 1.732051, 1.732051, 1.732051, 1.732051, 1.732051]    0.0986    1.1268   -1.0225    1.2238   8441
  7 20101021       [1, 1, 5, 5, 15, 9, 27]  [1.732051, 1.732051, 1.732051, 1.732051, 1.732051, 1.732051]    0.1342    1.1498   -1.0101    1.2824   7942
  7 20102011       [1, 1, -1, -1, -3, 9, 27] [1.732051, 1.732051, 1.732051, 1.732051, 1.732051, 1.732051]    0.4356    1.0907   -0.6493    1.5204   3988
  7 20102111       [1, 1, 5, 7, 15, 9, 27]  [1.732051, 1.732051, 1.732051, 1.732051, 1.732051, 1.732051]    0.1276    1.5678   -1.4366    1.6922   8482
  7 20110001       [1, 1, -1, -1, -3, 9, 27] [1.732051, 1.732051, 1.732051, 1.732051, 1.732051, 1.732051]    0.4356    1.0907   -0.6493    1.5204   3988
  7 20110111       [1, -1, 3, 1, 9, -9, 27] [1.732051, 1.732051, 1.732051, 1.732051, 1.732051, 1.732051]    0.3292    1.7913   -1.4576    2.1137   7040
  7 20111021       [1, 1, 1, 1, 3, 9, 27]   [1.732051, 1.732051, 1.732051, 1.732051, 1.732051, 1.732051]    0.2491    0.8532   -0.6013    1.1006   5223
  7 20111101       [1, -1, 3, -5, 9, -9, 27] [1.732051, 1.732051, 1.732051, 1.732051, 1.732051, 1.732051]    0.5311    1.2629   -0.7284    1.7906   4350
  7 20112101       [1, 3, 7, 13, 21, 27, 27] [1.732051, 1.732051, 1.732051, 1.732051, 1.732051, 1.732051]    0.0792    1.0757   -0.9943    1.1527   8692
  7 20112121       [1, -1, 1, -1, 3, -9, 27] [1.732051, 1.732051, 1.732051, 1.732051, 1.732051, 1.732051]    0.7579    1.3905   -0.6304    2.1455   3758
  7 20112211       [1, 1, 1, 5, 3, 9, 27]   [1.732051, 1.732051, 1.732051, 1.732051, 1.732051, 1.732051]    0.2090    0.9147   -0.7050    1.1210   6057
  7 20120101       [1, 1, 1, -3, 3, 9, 27]  [1.732051, 1.732051, 1.732051, 1.732051, 1.732051, 1.732051]    0.3083    1.0078   -0.6978    1.3147   4894
  7 20121011       [1, 3, 7, 11, 21, 27, 27] [1.732051, 1.732051, 1.732051, 1.732051, 1.732051, 1.732051]    0.0816    1.3019   -1.2181    1.3809   8840
  7 20121121       [1, 1, 3, 5, 9, 9, 27]   [1.732051, 1.732051, 1.732051, 1.732051, 1.732051, 1.732051]    0.1635    0.9162   -0.7481    1.0765   6809
  7 20121221       [1, 1, 3, 1, 9, 9, 27]   [1.732051, 1.732051, 1.732051, 1.732051, 1.732051, 1.732051]    0.1870    0.9532   -0.7657    1.1370   6581
  7 20122211       [1, 1, 3, 1, 9, 9, 27]   [1.732051, 1.732051, 1.732051, 1.732051, 1.732051, 1.732051]    0.1870    0.9532   -0.7657    1.1370   6581
  7 20200021       [1, 1, 1, 3, 3, 9, 27]   [1.732051, 1.732051, 1.732051, 1.732051, 1.732051, 1.732051]    0.2273    0.8563   -0.6278    1.0835   5592
  7 20200201       [1, -1, 3, -5, 9, -9, 27] [1.732051, 1.732051, 1.732051, 1.732051, 1.732051, 1.732051]    0.5311    1.2629   -0.7284    1.7906   4350
  7 20200211       [1, 3, 5, 7, 15, 27, 27] [1.732051, 1.732051, 1.732051, 1.732051, 1.732051, 1.732051]    0.0986    1.1268   -1.0225    1.2238   8441
  7 20201201       [1, 3, 5, 7, 15, 27, 27] [1.732051, 1.732051, 1.732051, 1.732051, 1.732051, 1.732051]    0.0986    1.1268   -1.0225    1.2238   8441
  7 20202101       [1, 1, 1, -1, 3, 9, 27]  [1.732051, 1.732051, 1.732051, 1.732051, 1.732051, 1.732051]    0.2756    0.8950   -0.6181    1.1652   4935
  7 20202221       [1, 3, 9, 15, 27, 27, 27] [1.732051, 1.732051, 1.732051, 1.732051, 1.732051, 1.732051]    0.0697    1.6594   -1.5890    1.7145   9239
  7 20210101       [1, -1, 5, -3, 15, -9, 27] [1.732051, 1.732051, 1.732051, 1.732051, 1.732051, 1.732051]    0.2777    1.5570   -1.2782    1.8337   6937
  7 20210221       [1, 1, 3, 5, 9, 9, 27]   [1.732051, 1.732051, 1.732051, 1.732051, 1.732051, 1.732051]    0.1635    0.9162   -0.7481    1.0765   6809
  7 20211011       [1, 1, 1, 3, 3, 9, 27]   [1.732051, 1.732051, 1.732051, 1.732051, 1.732051, 1.732051]    0.2273    0.8563   -0.6278    1.0835   5592
  7 20211121       [1, -1, 1, 1, 3, -9, 27] [1.732051, 1.732051, 1.732051, 1.732051, 1.732051, 1.732051]    0.5867    1.3120   -0.7210    1.8942   4525
  7 20212001       [1, 1, 3, 7, 9, 9, 27]   [1.732051, 1.732051, 1.732051, 1.732051, 1.732051, 1.732051]    0.1538    1.0391   -0.8838    1.1869   7350
  7 20212111       [1, -1, 1, 1, 3, -9, 27] [1.732051, 1.732051, 1.732051, 1.732051, 1.732051, 1.732051]    0.5867    1.3120   -0.7210    1.8942   4525
  7 20212201       [1, 1, 3, -1, 9, 9, 27]  [1.732051, 1.732051, 1.732051, 1.732051, 1.732051, 1.732051]    0.2015    1.2489   -1.0411    1.4436   7175
  7 20220011       [1, 3, 9, 17, 27, 27, 27] [1.732051, 1.732051, 1.732051, 1.732051, 1.732051, 1.732051]    0.0679    1.6996   -1.6299    1.7590   9272
  7 20221001       [1, 3, 9, 17, 27, 27, 27] [1.732051, 1.732051, 1.732051, 1.732051, 1.732051, 1.732051]    0.0679    1.6996   -1.6299    1.7590   9272
  7 20221021       [1, -1, 3, -3, 9, -9, 27] [1.732051, 1.732051, 1.732051, 1.732051, 1.732051, 1.732051]    0.4409    1.2141   -0.7721    1.6540   4999
  7 20221211       [1, 1, 3, -1, 9, 9, 27]  [1.732051, 1.732051, 1.732051, 1.732051, 1.732051, 1.732051]    0.2015    1.2489   -1.0411    1.4436   7175
  7 20222201       [1, 1, -1, -3, -3, 9, 27] [1.732051, 1.732051, 1.732051, 1.732051, 1.732051, 1.732051]    0.5234    1.1068   -0.5817    1.6292   3483
  7 21000101       [1, 3, 5, 5, 15, 27, 27] [1.732051, 1.732051, 1.732051, 1.732051, 1.732051, 1.732051]    0.1025    3.3008   -3.1870    3.3898   9338
  7 21001111       [1, -1, 3, -5, 9, -9, 27] [1.732051, 1.732051, 1.732051, 1.732051, 1.732051, 1.732051]    0.5311    1.2629   -0.7284    1.7906   4350
  7 21002221       [1, 1, -1, -3, -3, 9, 27] [1.732051, 1.732051, 1.732051, 1.732051, 1.732051, 1.732051]    0.5234    1.1068   -0.5817    1.6292   3483
  7 21010001       [1, 3, 5, 9, 15, 27, 27] [1.732051, 1.732051, 1.732051, 1.732051, 1.732051, 1.732051]    0.0950    1.2730   -1.1772    1.3658   9116
  7 21010111       [1, 1, 1, -5, 3, 9, 27]  [1.732051, 1.732051, 1.732051, 1.732051, 1.732051, 1.732051]    0.3498    1.4008   -1.0465    1.7468   5692
  7 21010211       [1, 1, 3, 5, 9, 9, 27]   [1.732051, 1.732051, 1.732051, 1.732051, 1.732051, 1.732051]    0.1635    0.9162   -0.7481    1.0765   6809
  7 21012121       [1, 1, 5, 3, 15, 9, 27]  [1.732051, 1.732051, 1.732051, 1.732051, 1.732051, 1.732051]    0.1415    1.2100   -1.0637    1.3466   7956
  7 21020011       [1, 1, 1, 3, 3, 9, 27]   [1.732051, 1.732051, 1.732051, 1.732051, 1.732051, 1.732051]    0.2273    0.8563   -0.6278    1.0835   5592
  7 21020201       [1, 3, 5, 7, 15, 27, 27] [1.732051, 1.732051, 1.732051, 1.732051, 1.732051, 1.732051]    0.0986    1.1268   -1.0225    1.2238   8441
  7 21021101       [1, 1, 3, -1, 9, 9, 27]  [1.732051, 1.732051, 1.732051, 1.732051, 1.732051, 1.732051]    0.2015    1.2489   -1.0411    1.4436   7175
  7 21021211       [1, -1, 3, -7, 9, -9, 27] [1.732051, 1.732051, 1.732051, 1.732051, 1.732051, 1.732051]    0.6675    1.4462   -0.7766    2.1127   3816
  7 21021221       [1, 3, 7, 15, 21, 27, 27] [1.732051, 1.732051, 1.732051, 1.732051, 1.732051, 1.732051]    0.0768    1.2081   -1.1295    1.2799   8879
  7 21022121       [1, 1, 1, -3, 3, 9, 27]  [1.732051, 1.732051, 1.732051, 1.732051, 1.732051, 1.732051]    0.3083    1.0078   -0.6978    1.3147   4894
  7 21022201       [1, -1, 5, -5, 15, -9, 27] [1.732051, 1.732051, 1.732051, 1.732051, 1.732051, 1.732051]    0.3109    1.3648   -1.0486    1.6722   6117
  7 21100201       [1, 1, 1, 1, 3, 9, 27]   [1.732051, 1.732051, 1.732051, 1.732051, 1.732051, 1.732051]    0.2491    0.8532   -0.6013    1.1006   5223
  7 21101111       [1, 3, 5, 5, 15, 27, 27] [1.732051, 1.732051, 1.732051, 1.732051, 1.732051, 1.732051]    0.1025    3.3008   -3.1870    3.3898   9338
  7 21101221       [1, 1, 3, -1, 9, 9, 27]  [1.732051, 1.732051, 1.732051, 1.732051, 1.732051, 1.732051]    0.2015    1.2489   -1.0411    1.4436   7175
  7 21102011       [1, 1, 5, 5, 15, 9, 27]  [1.732051, 1.732051, 1.732051, 1.732051, 1.732051, 1.732051]    0.1342    1.1498   -1.0101    1.2824   7942
  7 21102101       [1, 3, 7, 11, 21, 27, 27] [1.732051, 1.732051, 1.732051, 1.732051, 1.732051, 1.732051]    0.0816    1.3019   -1.2181    1.3809   8840
  7 21102121       [1, -1, 1, -5, 3, -9, 27] [1.732051, 1.732051, 1.732051, 1.732051, 1.732051, 1.732051]    1.8191    2.3885   -0.5648    4.2055   2233
  7 21102211       [1, 1, 3, 7, 9, 9, 27]   [1.732051, 1.732051, 1.732051, 1.732051, 1.732051, 1.732051]    0.1538    1.0391   -0.8838    1.1869   7350
  7 21110011       [1, -1, 3, -7, 9, -9, 27] [1.732051, 1.732051, 1.732051, 1.732051, 1.732051, 1.732051]    0.6675    1.4462   -0.7766    2.1127   3816
  7 21110021       [1, 3, 7, 11, 21, 27, 27] [1.732051, 1.732051, 1.732051, 1.732051, 1.732051, 1.732051]    0.0816    1.3019   -1.2181    1.3809   8840
  7 21110101       [1, 1, 1, 1, 3, 9, 27]   [1.732051, 1.732051, 1.732051, 1.732051, 1.732051, 1.732051]    0.2491    0.8532   -0.6013    1.1006   5223
  7 21112001       [1, 3, 7, 11, 21, 27, 27] [1.732051, 1.732051, 1.732051, 1.732051, 1.732051, 1.732051]    0.0816    1.3019   -1.2181    1.3809   8840
  7 21112211       [1, 1, -1, -3, -3, 9, 27] [1.732051, 1.732051, 1.732051, 1.732051, 1.732051, 1.732051]    0.5234    1.1068   -0.5817    1.6292   3483
  7 21120001       [1, 1, 1, 1, 3, 9, 27]   [1.732051, 1.732051, 1.732051, 1.732051, 1.732051, 1.732051]    0.2491    0.8532   -0.6013    1.1006   5223
  7 21120221       [1, 3, 7, 13, 21, 27, 27] [1.732051, 1.732051, 1.732051, 1.732051, 1.732051, 1.732051]    0.0792    1.0757   -0.9943    1.1527   8692
  7 21121021       [1, 1, 3, 9, 9, 9, 27]   [1.732051, 1.732051, 1.732051, 1.732051, 1.732051, 1.732051]    0.1452    1.5285   -1.3731    1.6633   8226
  7 21121201       [1, -1, 3, -1, 9, -9, 27] [1.732051, 1.732051, 1.732051, 1.732051, 1.732051, 1.732051]    0.3770    1.2995   -0.9218    1.6741   5786
  7 21121211       [1, 3, 5, 7, 15, 27, 27] [1.732051, 1.732051, 1.732051, 1.732051, 1.732051, 1.732051]    0.0986    1.1268   -1.0225    1.2238   8441
  7 21122111       [1, 1, -1, -5, -3, 9, 27] [1.732051, 1.732051, 1.732051, 1.732051, 1.732051, 1.732051]    0.6554    1.2421   -0.5772    1.8894   3127
  7 21200111       [1, 3, 7, 13, 21, 27, 27] [1.732051, 1.732051, 1.732051, 1.732051, 1.732051, 1.732051]    0.0792    1.0757   -0.9943    1.1527   8692
  7 21201121       [1, -1, 1, 1, 3, -9, 27] [1.732051, 1.732051, 1.732051, 1.732051, 1.732051, 1.732051]    0.5867    1.3120   -0.7210    1.8942   4525
  7 21202111       [1, -1, 1, 5, 3, -9, 27] [1.732051, 1.732051, 1.732051, 1.732051, 1.732051, 1.732051]    0.4042    2.0317   -1.6237    2.4313   7001
  7 21202121       [1, 3, 5, 5, 15, 27, 27] [1.732051, 1.732051, 1.732051, 1.732051, 1.732051, 1.732051]    0.1025    3.3008   -3.1870    3.3898   9338
  7 21210001       [1, -1, 5, -5, 15, -9, 27] [1.732051, 1.732051, 1.732051, 1.732051, 1.732051, 1.732051]    0.3109    1.3648   -1.0486    1.6722   6117
  7 21210121       [1, 1, 5, 7, 15, 9, 27]  [1.732051, 1.732051, 1.732051, 1.732051, 1.732051, 1.732051]    0.1276    1.5678   -1.4366    1.6922   8482
  7 21210221       [1, 1, 1, 1, 3, 9, 27]   [1.732051, 1.732051, 1.732051, 1.732051, 1.732051, 1.732051]    0.2491    0.8532   -0.6013    1.1006   5223
  7 21211021       [1, -1, 1, -1, 3, -9, 27] [1.732051, 1.732051, 1.732051, 1.732051, 1.732051, 1.732051]    0.7579    1.3905   -0.6304    2.1455   3758
  7 21211211       [1, 1, 5, 5, 15, 9, 27]  [1.732051, 1.732051, 1.732051, 1.732051, 1.732051, 1.732051]    0.1342    1.1498   -1.0101    1.2824   7942
  7 21212011       [1, -1, 1, -1, 3, -9, 27] [1.732051, 1.732051, 1.732051, 1.732051, 1.732051, 1.732051]    0.7579    1.3905   -0.6304    2.1455   3758
  7 21212021       [1, 3, 5, 9, 15, 27, 27] [1.732051, 1.732051, 1.732051, 1.732051, 1.732051, 1.732051]    0.0950    1.2730   -1.1772    1.3658   9116
  7 21212201       [1, 1, 1, 5, 3, 9, 27]   [1.732051, 1.732051, 1.732051, 1.732051, 1.732051, 1.732051]    0.2090    0.9147   -0.7050    1.1210   6057
  7 21220121       [1, 1, 1, -1, 3, 9, 27]  [1.732051, 1.732051, 1.732051, 1.732051, 1.732051, 1.732051]    0.2756    0.8950   -0.6181    1.1652   4935
  7 21220211       [1, 3, 7, 13, 21, 27, 27] [1.732051, 1.732051, 1.732051, 1.732051, 1.732051, 1.732051]    0.0792    1.0757   -0.9943    1.1527   8692
  7 21221011       [1, 1, 3, 7, 9, 9, 27]   [1.732051, 1.732051, 1.732051, 1.732051, 1.732051, 1.732051]    0.1538    1.0391   -0.8838    1.1869   7350
  7 21221201       [1, 3, 7, 15, 21, 27, 27] [1.732051, 1.732051, 1.732051, 1.732051, 1.732051, 1.732051]    0.0768    1.2081   -1.1295    1.2799   8879
  7 21222001       [1, 1, -1, -7, -3, 9, 27] [1.732051, 1.732051, 1.732051, 1.732051, 1.732051, 1.732051]    0.8765    1.5324   -0.6196    2.3971   2773
  7 21222101       [1, 1, 1, -5, 3, 9, 27]  [1.732051, 1.732051, 1.732051, 1.732051, 1.732051, 1.732051]    0.3498    1.4008   -1.0465    1.7468   5692
  7 22000111       [1, 1, 1, 3, 3, 9, 27]   [1.732051, 1.732051, 1.732051, 1.732051, 1.732051, 1.732051]    0.2273    0.8563   -0.6278    1.0835   5592
  7 22001011       [1, -1, 1, -3, 3, -9, 27] [1.732051, 1.732051, 1.732051, 1.732051, 1.732051, 1.732051]    1.0700    1.6561   -0.5844    2.7234   3001
  7 22001021       [1, 3, 5, 9, 15, 27, 27] [1.732051, 1.732051, 1.732051, 1.732051, 1.732051, 1.732051]    0.0950    1.2730   -1.1772    1.3658   9116
  7 22001101       [1, 1, 1, -1, 3, 9, 27]  [1.732051, 1.732051, 1.732051, 1.732051, 1.732051, 1.732051]    0.2756    0.8950   -0.6181    1.1652   4935
  7 22002011       [1, 3, 5, 9, 15, 27, 27] [1.732051, 1.732051, 1.732051, 1.732051, 1.732051, 1.732051]    0.0950    1.2730   -1.1772    1.3658   9116
  7 22002221       [1, 1, 3, -1, 9, 9, 27]  [1.732051, 1.732051, 1.732051, 1.732051, 1.732051, 1.732051]    0.2015    1.2489   -1.0411    1.4436   7175
  7 22010011       [1, 1, 5, 3, 15, 9, 27]  [1.732051, 1.732051, 1.732051, 1.732051, 1.732051, 1.732051]    0.1415    1.2100   -1.0637    1.3466   7956
  7 22010111       [1, 1, 3, 3, 9, 9, 27]   [1.732051, 1.732051, 1.732051, 1.732051, 1.732051, 1.732051]    0.1745    0.8929   -0.7168    1.0644   6599
  7 22010201       [1, 3, 7, 13, 21, 27, 27] [1.732051, 1.732051, 1.732051, 1.732051, 1.732051, 1.732051]    0.0792    1.0757   -0.9943    1.1527   8692
  7 22010221       [1, -1, 1, -1, 3, -9, 27] [1.732051, 1.732051, 1.732051, 1.732051, 1.732051, 1.732051]    0.7579    1.3905   -0.6304    2.1455   3758
  7 22011211       [1, -1, -1, 3, -3, -9, 27] [1.732051, 1.732051, 1.732051, 1.732051, 1.732051, 1.732051]    1.3228    1.9431   -0.6193    3.2636   2980
  7 22012121       [1, 1, 1, 1, 3, 9, 27]   [1.732051, 1.732051, 1.732051, 1.732051, 1.732051, 1.732051]    0.2491    0.8532   -0.6013    1.1006   5223
  7 22012211       [1, 3, 9, 15, 27, 27, 27] [1.732051, 1.732051, 1.732051, 1.732051, 1.732051, 1.732051]    0.0697    1.6594   -1.5890    1.7145   9239
  7 22020011       [1, 1, 1, 3, 3, 9, 27]   [1.732051, 1.732051, 1.732051, 1.732051, 1.732051, 1.732051]    0.2273    0.8563   -0.6278    1.0835   5592
  7 22021001       [1, 1, 1, 3, 3, 9, 27]   [1.732051, 1.732051, 1.732051, 1.732051, 1.732051, 1.732051]    0.2273    0.8563   -0.6278    1.0835   5592
  7 22021121       [1, 3, 7, 13, 21, 27, 27] [1.732051, 1.732051, 1.732051, 1.732051, 1.732051, 1.732051]    0.0792    1.0757   -0.9943    1.1527   8692
  7 22021201       [1, 1, 3, 1, 9, 9, 27]   [1.732051, 1.732051, 1.732051, 1.732051, 1.732051, 1.732051]    0.1870    0.9532   -0.7657    1.1370   6581
  7 22022101       [1, -1, 5, -7, 15, -9, 27] [1.732051, 1.732051, 1.732051, 1.732051, 1.732051, 1.732051]    0.3532    1.6521   -1.2917    2.0038   6269
  7 22100101       [1, 1, 1, 5, 3, 9, 27]   [1.732051, 1.732051, 1.732051, 1.732051, 1.732051, 1.732051]    0.2090    0.9147   -0.7050    1.1210   6057
  7 22101001       [1, -1, 1, -3, 3, -9, 27] [1.732051, 1.732051, 1.732051, 1.732051, 1.732051, 1.732051]    1.0700    1.6561   -0.5844    2.7234   3001
  7 22101121       [1, 1, 3, 3, 9, 9, 27]   [1.732051, 1.732051, 1.732051, 1.732051, 1.732051, 1.732051]    0.1745    0.8929   -0.7168    1.0644   6599
  7 22102021       [1, -1, -1, 7, -3, -9, 27] [1.732051, 1.732051, 1.732051, 1.732051, 1.732051, 1.732051]    0.6554    1.5982   -0.9377    2.2474   5005
  7 22102111       [1, 1, 3, -1, 9, 9, 27]  [1.732051, 1.732051, 1.732051, 1.732051, 1.732051, 1.732051]    0.2015    1.2489   -1.0411    1.4436   7175
  7 22110221       [1, 3, 3, 1, 9, 27, 27]  [1.732051, 1.732051, 1.732051, 1.732051, 1.732051, 1.732051]    0.1306    1.3680   -1.2367    1.4980   8512
  7 22111201       [1, -1, -1, 3, -3, -9, 27] [1.732051, 1.732051, 1.732051, 1.732051, 1.732051, 1.732051]    1.3228    1.9431   -0.6193    3.2636   2980
  7 22111211       [1, 3, 7, 15, 21, 27, 27] [1.732051, 1.732051, 1.732051, 1.732051, 1.732051, 1.732051]    0.0768    1.2081   -1.1295    1.2799   8879
  7 22112011       [1, 1, 1, 1, 3, 9, 27]   [1.732051, 1.732051, 1.732051, 1.732051, 1.732051, 1.732051]    0.2491    0.8532   -0.6013    1.1006   5223
  7 22112201       [1, 3, 9, 15, 27, 27, 27] [1.732051, 1.732051, 1.732051, 1.732051, 1.732051, 1.732051]    0.0697    1.6594   -1.5890    1.7145   9239
  7 22112221       [1, -1, 3, -1, 9, -9, 27] [1.732051, 1.732051, 1.732051, 1.732051, 1.732051, 1.732051]    0.3770    1.2995   -0.9218    1.6741   5786
  7 22120001       [1, 1, 1, 1, 3, 9, 27]   [1.732051, 1.732051, 1.732051, 1.732051, 1.732051, 1.732051]    0.2491    0.8532   -0.6013    1.1006   5223
  7 22121021       [1, 1, 3, 3, 9, 9, 27]   [1.732051, 1.732051, 1.732051, 1.732051, 1.732051, 1.732051]    0.1745    0.8929   -0.7168    1.0644   6599
  7 22121101       [1, -1, 3, -3, 9, -9, 27] [1.732051, 1.732051, 1.732051, 1.732051, 1.732051, 1.732051]    0.4409    1.2141   -0.7721    1.6540   4999
  7 22121221       [1, 1, 5, 5, 15, 9, 27]  [1.732051, 1.732051, 1.732051, 1.732051, 1.732051, 1.732051]    0.1342    1.1498   -1.0101    1.2824   7942
  7 22122011       [1, 1, 3, 9, 9, 9, 27]   [1.732051, 1.732051, 1.732051, 1.732051, 1.732051, 1.732051]    0.1452    1.5285   -1.3731    1.6633   8226
  7 22122121       [1, -1, 1, 3, 3, -9, 27] [1.732051, 1.732051, 1.732051, 1.732051, 1.732051, 1.732051]    0.4786    1.4021   -0.9218    1.8771   5510
  7 22122211       [1, 1, -1, -3, -3, 9, 27] [1.732051, 1.732051, 1.732051, 1.732051, 1.732051, 1.732051]    0.5234    1.1068   -0.5817    1.6292   3483
  7 22200001       [1, -1, 3, -9, 9, -9, 27] [1.732051, 1.732051, 1.732051, 1.732051, 1.732051, 1.732051]    0.8983    1.9902   -1.0802    2.8812   3586
  7 22200011       [1, 3, 5, 9, 15, 27, 27] [1.732051, 1.732051, 1.732051, 1.732051, 1.732051, 1.732051]    0.0950    1.2730   -1.1772    1.3658   9116
  7 22200121       [1, 1, -1, -5, -3, 9, 27] [1.732051, 1.732051, 1.732051, 1.732051, 1.732051, 1.732051]    0.6554    1.2421   -0.5772    1.8894   3127
  7 22201001       [1, 3, 5, 9, 15, 27, 27] [1.732051, 1.732051, 1.732051, 1.732051, 1.732051, 1.732051]    0.0950    1.2730   -1.1772    1.3658   9116
  7 22201111       [1, 1, 3, 5, 9, 9, 27]   [1.732051, 1.732051, 1.732051, 1.732051, 1.732051, 1.732051]    0.1635    0.9162   -0.7481    1.0765   6809
  7 22202011       [1, -1, -1, 1, -3, -9, 27] [1.732051, 1.732051, 1.732051, 1.732051, 1.732051, 1.732051]    2.6948    3.2495   -0.5472    5.9336   1965
  7 22202021       [1, 3, 9, 17, 27, 27, 27] [1.732051, 1.732051, 1.732051, 1.732051, 1.732051, 1.732051]    0.0679    1.6996   -1.6299    1.7590   9272
  7 22202201       [1, 1, 3, 7, 9, 9, 27]   [1.732051, 1.732051, 1.732051, 1.732051, 1.732051, 1.732051]    0.1538    1.0391   -0.8838    1.1869   7350
  7 22210121       [1, 1, 1, -1, 3, 9, 27]  [1.732051, 1.732051, 1.732051, 1.732051, 1.732051, 1.732051]    0.2756    0.8950   -0.6181    1.1652   4935
  7 22210201       [1, -1, 1, -7, 3, -9, 27] [1.732051, 1.732051, 1.732051, 1.732051, 1.732051, 1.732051]    6.0674    6.6492   -0.5797   12.7097   1180
  7 22210211       [1, 3, 3, 1, 9, 27, 27]  [1.732051, 1.732051, 1.732051, 1.732051, 1.732051, 1.732051]    0.1306    1.3680   -1.2367    1.4980   8512
  7 22211111       [1, 1, 5, 3, 15, 9, 27]  [1.732051, 1.732051, 1.732051, 1.732051, 1.732051, 1.732051]    0.1415    1.2100   -1.0637    1.3466   7956
  7 22211221       [1, -1, 3, 1, 9, -9, 27] [1.732051, 1.732051, 1.732051, 1.732051, 1.732051, 1.732051]    0.3292    1.7913   -1.4576    2.1137   7040
  7 22212101       [1, 1, 1, 3, 3, 9, 27]   [1.732051, 1.732051, 1.732051, 1.732051, 1.732051, 1.732051]    0.2273    0.8563   -0.6278    1.0835   5592
  7 22220021       [1, 1, -1, -7, -3, 9, 27] [1.732051, 1.732051, 1.732051, 1.732051, 1.732051, 1.732051]    0.8765    1.5324   -0.6196    2.3971   2773
  7 22220111       [1, 3, 7, 11, 21, 27, 27] [1.732051, 1.732051, 1.732051, 1.732051, 1.732051, 1.732051]    0.0816    1.3019   -1.2181    1.3809   8840
  7 22220221       [1, 1, 1, 7, 3, 9, 27]   [1.732051, 1.732051, 1.732051, 1.732051, 1.732051, 1.732051]    0.1935    1.1552   -0.9573    1.3481   7094
  7 22222111       [1, -1, 1, -3, 3, -9, 27] [1.732051, 1.732051, 1.732051, 1.732051, 1.732051, 1.732051]    1.0700    1.6561   -0.5844    2.7234   3001

characters: 505 ; detector negative infinitely often (observed) : 440 ; eventually nonnegative (observed): 65
