pr	recorded_source_sha	observed_head_sha	comparison	observation_pass	observation_source	observation_time_utc	delta_scope	scientific_disposition
337	36b3bebea80e18f965f304638e2123c4d2363a09	36b3bebea80e18f965f304638e2123c4d2363a09	MATCH	2	https://api.github.com/repos/GettysburgResearch/riemann/git/matching-refs/pull/337	2026-09-05T17:57:07.437055+00:00	NO_HEAD_DELTA_AT_OBSERVATION	historical scope retained; no new scientific acceptance
368	023434958a4c115c4d1f7d93ea310716f8bd81ae	023434958a4c115c4d1f7d93ea310716f8bd81ae	MATCH	2	https://api.github.com/repos/GettysburgResearch/riemann/git/matching-refs/pull/368	2026-09-05T17:57:08.100288+00:00	NO_HEAD_DELTA_AT_OBSERVATION	historical scope retained; no new scientific acceptance
369	0f4cc8afd0dcfeabb3357225cbf6afd8f065a231	0f4cc8afd0dcfeabb3357225cbf6afd8f065a231	MATCH	2	https://api.github.com/repos/GettysburgResearch/riemann/git/matching-refs/pull/369	2026-09-05T17:57:08.722038+00:00	NO_HEAD_DELTA_AT_OBSERVATION	historical scope retained; no new scientific acceptance
370	ad77d151ab2e753595a8b2b9d49ac0ba9e601634	ad77d151ab2e753595a8b2b9d49ac0ba9e601634	MATCH	1	https://github.com/GettysburgResearch/riemann/blob/7466ad8081101508be7c7acf0065cb2e0944a639/reviews/C/CENSUS.tsv	2026-09-05; precise per-ref time not retained	NO_HEAD_DELTA_AT_OBSERVATION	historical scope retained; no new scientific acceptance
371	fd9292cac2e12e825135b8949b3c3b778f4344d0	fd9292cac2e12e825135b8949b3c3b778f4344d0	MATCH	1	https://github.com/GettysburgResearch/riemann/blob/7466ad8081101508be7c7acf0065cb2e0944a639/reviews/C/CENSUS.tsv	2026-09-05; precise per-ref time not retained	NO_HEAD_DELTA_AT_OBSERVATION	historical scope retained; no new scientific acceptance
372	9b9c2536d89b65cb999ec08e20fce3386383803a	9b9c2536d89b65cb999ec08e20fce3386383803a	MATCH	1	https://github.com/GettysburgResearch/riemann/blob/7466ad8081101508be7c7acf0065cb2e0944a639/reviews/C/CENSUS.tsv	2026-09-05; precise per-ref time not retained	NO_HEAD_DELTA_AT_OBSERVATION	historical scope retained; no new scientific acceptance
373	34fe2037ba33bc61fc1e6ce04c7e74ab7b13e794	34fe2037ba33bc61fc1e6ce04c7e74ab7b13e794	MATCH	1	https://github.com/GettysburgResearch/riemann/blob/7466ad8081101508be7c7acf0065cb2e0944a639/reviews/C/CENSUS.tsv	2026-09-05; precise per-ref time not retained	NO_HEAD_DELTA_AT_OBSERVATION	historical scope retained; no new scientific acceptance
374	b0cb5a6360771ff7b890531e10fc03c70c394052	b0cb5a6360771ff7b890531e10fc03c70c394052	MATCH	1	https://github.com/GettysburgResearch/riemann/blob/7466ad8081101508be7c7acf0065cb2e0944a639/reviews/C/CENSUS.tsv	2026-09-05; precise per-ref time not retained	NO_HEAD_DELTA_AT_OBSERVATION	historical scope retained; no new scientific acceptance
375	a3662f62ac0f1a7ec21bca3498938fedcbeeddba	a3662f62ac0f1a7ec21bca3498938fedcbeeddba	MATCH	1	https://github.com/GettysburgResearch/riemann/blob/7466ad8081101508be7c7acf0065cb2e0944a639/reviews/C/CENSUS.tsv	2026-09-05; precise per-ref time not retained	NO_HEAD_DELTA_AT_OBSERVATION	historical scope retained; no new scientific acceptance
376	0ed0e7de3aa1b81bb832df53d861dd6f27f2db8b	0ed0e7de3aa1b81bb832df53d861dd6f27f2db8b	MATCH	1	https://github.com/GettysburgResearch/riemann/blob/7466ad8081101508be7c7acf0065cb2e0944a639/reviews/C/CENSUS.tsv	2026-09-05; precise per-ref time not retained	NO_HEAD_DELTA_AT_OBSERVATION	historical scope retained; no new scientific acceptance
377	3f3afb13f0435050e28700ae8d2d924eefd4b410	3f3afb13f0435050e28700ae8d2d924eefd4b410	MATCH	1	https://github.com/GettysburgResearch/riemann/blob/7466ad8081101508be7c7acf0065cb2e0944a639/reviews/C/CENSUS.tsv	2026-09-05; precise per-ref time not retained	NO_HEAD_DELTA_AT_OBSERVATION	historical scope retained; no new scientific acceptance
378	e1d74d60956329486f94c45e26d105608c973397	e1d74d60956329486f94c45e26d105608c973397	MATCH	1	https://github.com/GettysburgResearch/riemann/blob/7466ad8081101508be7c7acf0065cb2e0944a639/reviews/C/CENSUS.tsv	2026-09-05; precise per-ref time not retained	NO_HEAD_DELTA_AT_OBSERVATION	historical scope retained; no new scientific acceptance
379	589f1c05ccaf248cf08c87fefa7d5ab6d2380708	589f1c05ccaf248cf08c87fefa7d5ab6d2380708	MATCH	1	https://github.com/GettysburgResearch/riemann/blob/7466ad8081101508be7c7acf0065cb2e0944a639/reviews/C/CENSUS.tsv	2026-09-05; precise per-ref time not retained	NO_HEAD_DELTA_AT_OBSERVATION	historical scope retained; no new scientific acceptance
380	23d93b0555bb70ee39b0d87ff278a062a51651bc	23d93b0555bb70ee39b0d87ff278a062a51651bc	MATCH	1	https://github.com/GettysburgResearch/riemann/blob/7466ad8081101508be7c7acf0065cb2e0944a639/reviews/C/CENSUS.tsv	2026-09-05; precise per-ref time not retained	NO_HEAD_DELTA_AT_OBSERVATION	historical scope retained; no new scientific acceptance
381	8b32a5941a349df16bdce59909ad66741293cb0a	8b32a5941a349df16bdce59909ad66741293cb0a	MATCH	1	https://github.com/GettysburgResearch/riemann/blob/7466ad8081101508be7c7acf0065cb2e0944a639/reviews/C/CENSUS.tsv	2026-09-05; precise per-ref time not retained	NO_HEAD_DELTA_AT_OBSERVATION	historical scope retained; no new scientific acceptance
382	d5630815f68554649445cbe19989b562dc685bd3	d5630815f68554649445cbe19989b562dc685bd3	MATCH	1	https://github.com/GettysburgResearch/riemann/blob/7466ad8081101508be7c7acf0065cb2e0944a639/reviews/C/CENSUS.tsv	2026-09-05; precise per-ref time not retained	NO_HEAD_DELTA_AT_OBSERVATION	historical scope retained; no new scientific acceptance
383	d764be15bd8ea902ad260484eab44d19a9e82175	d764be15bd8ea902ad260484eab44d19a9e82175	MATCH	1	https://github.com/GettysburgResearch/riemann/blob/7466ad8081101508be7c7acf0065cb2e0944a639/reviews/C/CENSUS.tsv	2026-09-05; precise per-ref time not retained	NO_HEAD_DELTA_AT_OBSERVATION	historical scope retained; no new scientific acceptance
384	95ed673529fd4ed8ac9308f6ef43e11bda1954c1	95ed673529fd4ed8ac9308f6ef43e11bda1954c1	MATCH	1	https://github.com/GettysburgResearch/riemann/blob/7466ad8081101508be7c7acf0065cb2e0944a639/reviews/C/CENSUS.tsv	2026-09-05; precise per-ref time not retained	NO_HEAD_DELTA_AT_OBSERVATION	historical scope retained; no new scientific acceptance
385	ea2d7c26c1fd3a58c3e31609cb2411ea0c0fd20a	ea2d7c26c1fd3a58c3e31609cb2411ea0c0fd20a	MATCH	1	https://github.com/GettysburgResearch/riemann/blob/7466ad8081101508be7c7acf0065cb2e0944a639/reviews/C/CENSUS.tsv	2026-09-05; precise per-ref time not retained	NO_HEAD_DELTA_AT_OBSERVATION	historical scope retained; no new scientific acceptance
386	66e60006bedbababefae22ad8f88f06753139a2b	66e60006bedbababefae22ad8f88f06753139a2b	MATCH	1	https://github.com/GettysburgResearch/riemann/blob/7466ad8081101508be7c7acf0065cb2e0944a639/reviews/C/CENSUS.tsv	2026-09-05; precise per-ref time not retained	NO_HEAD_DELTA_AT_OBSERVATION	historical scope retained; no new scientific acceptance
387	388ba7feb9927025d46a70963389ec45c9ead2ac	388ba7feb9927025d46a70963389ec45c9ead2ac	MATCH	1	https://github.com/GettysburgResearch/riemann/blob/7466ad8081101508be7c7acf0065cb2e0944a639/reviews/C/CENSUS.tsv	2026-09-05; precise per-ref time not retained	NO_HEAD_DELTA_AT_OBSERVATION	historical scope retained; no new scientific acceptance
388	ede3f2db2fe0c571964d2e603ba5d91ee463091a	ede3f2db2fe0c571964d2e603ba5d91ee463091a	MATCH	1	https://github.com/GettysburgResearch/riemann/blob/7466ad8081101508be7c7acf0065cb2e0944a639/reviews/C/CENSUS.tsv	2026-09-05; precise per-ref time not retained	NO_HEAD_DELTA_AT_OBSERVATION	historical scope retained; no new scientific acceptance
389	2eaebcd84e8e6bdbf5a1c85d6d4c8a28639a88fd	2eaebcd84e8e6bdbf5a1c85d6d4c8a28639a88fd	MATCH	1	https://github.com/GettysburgResearch/riemann/blob/7466ad8081101508be7c7acf0065cb2e0944a639/reviews/C/CENSUS.tsv	2026-09-05; precise per-ref time not retained	NO_HEAD_DELTA_AT_OBSERVATION	historical scope retained; no new scientific acceptance
390	ea20af8867c3119c23efc27738d343aac2f79362	ea20af8867c3119c23efc27738d343aac2f79362	MATCH	2	https://api.github.com/repos/GettysburgResearch/riemann/git/matching-refs/pull/39	2026-09-05T17:47:17.573938+00:00	NO_HEAD_DELTA_AT_OBSERVATION	historical scope retained; no new scientific acceptance
391	8cc59dd49354523070cc19127446aa279e2c891f	8cc59dd49354523070cc19127446aa279e2c891f	MATCH	2	https://api.github.com/repos/GettysburgResearch/riemann/git/matching-refs/pull/39	2026-09-05T17:47:17.573969+00:00	NO_HEAD_DELTA_AT_OBSERVATION	historical scope retained; no new scientific acceptance
392	d2387cd21eb891a8801fd122bc8d0ddd7c1c0fc4	d2387cd21eb891a8801fd122bc8d0ddd7c1c0fc4	MATCH	2	https://api.github.com/repos/GettysburgResearch/riemann/git/matching-refs/pull/39	2026-09-05T17:47:17.573974+00:00	NO_HEAD_DELTA_AT_OBSERVATION	historical scope retained; no new scientific acceptance
393	ec118df8a133a1e4800f292641d42af1ba79f938	ec118df8a133a1e4800f292641d42af1ba79f938	MATCH	2	https://api.github.com/repos/GettysburgResearch/riemann/git/matching-refs/pull/39	2026-09-05T17:47:17.573977+00:00	NO_HEAD_DELTA_AT_OBSERVATION	historical scope retained; no new scientific acceptance
394	82ee32348b05512514462966bfeb4e2de4ae5ecf	82ee32348b05512514462966bfeb4e2de4ae5ecf	MATCH	2	https://api.github.com/repos/GettysburgResearch/riemann/git/matching-refs/pull/39	2026-09-05T17:47:17.573980+00:00	NO_HEAD_DELTA_AT_OBSERVATION	historical scope retained; no new scientific acceptance
395	7106b3b2e06b8193861851890db12767a03b5df4	7106b3b2e06b8193861851890db12767a03b5df4	MATCH	2	https://api.github.com/repos/GettysburgResearch/riemann/git/matching-refs/pull/39	2026-09-05T17:47:17.573982+00:00	NO_HEAD_DELTA_AT_OBSERVATION	historical scope retained; no new scientific acceptance
396	a7e140614a2544b320c274acc5c599e5176cea97	a7e140614a2544b320c274acc5c599e5176cea97	MATCH	2	https://api.github.com/repos/GettysburgResearch/riemann/git/matching-refs/pull/39	2026-09-05T17:47:17.573985+00:00	NO_HEAD_DELTA_AT_OBSERVATION	historical scope retained; no new scientific acceptance
397	7061072f5a5fd4d6fc741cba9e5035e29b0a0e31	7061072f5a5fd4d6fc741cba9e5035e29b0a0e31	MATCH	2	https://api.github.com/repos/GettysburgResearch/riemann/git/matching-refs/pull/39	2026-09-05T17:47:17.573988+00:00	NO_HEAD_DELTA_AT_OBSERVATION	historical scope retained; no new scientific acceptance
398	043180519da90af2ea242a5055cbdad9ca40bc62	043180519da90af2ea242a5055cbdad9ca40bc62	MATCH	2	https://api.github.com/repos/GettysburgResearch/riemann/git/matching-refs/pull/39	2026-09-05T17:47:17.573990+00:00	NO_HEAD_DELTA_AT_OBSERVATION	historical scope retained; no new scientific acceptance
399	9deddaa92c1b709b052e0994bd9a6dc0bb307366	9deddaa92c1b709b052e0994bd9a6dc0bb307366	MATCH	2	https://api.github.com/repos/GettysburgResearch/riemann/git/matching-refs/pull/39	2026-09-05T17:47:17.573992+00:00	NO_HEAD_DELTA_AT_OBSERVATION	historical scope retained; no new scientific acceptance
400	7dc9fec9eb5fab4ee9340ddbc5a52e36a6ab617e	7dc9fec9eb5fab4ee9340ddbc5a52e36a6ab617e	MATCH	2	https://api.github.com/repos/GettysburgResearch/riemann/git/matching-refs/pull/40	2026-09-05T17:47:18.188530+00:00	NO_HEAD_DELTA_AT_OBSERVATION	historical scope retained; no new scientific acceptance
401	82fe81e52d8c221c8649376d759aa8d0ee64c0c7	82fe81e52d8c221c8649376d759aa8d0ee64c0c7	MATCH	2	https://api.github.com/repos/GettysburgResearch/riemann/git/matching-refs/pull/40	2026-09-05T17:47:18.188550+00:00	NO_HEAD_DELTA_AT_OBSERVATION	historical scope retained; no new scientific acceptance
402	f5e8be06dfed171baca362316a24b1ce017ad235	f5e8be06dfed171baca362316a24b1ce017ad235	MATCH	2	https://api.github.com/repos/GettysburgResearch/riemann/git/matching-refs/pull/40	2026-09-05T17:47:18.188554+00:00	NO_HEAD_DELTA_AT_OBSERVATION	historical scope retained; no new scientific acceptance
403	885716b9cf97c7c4deea3b4590b99e5faf13bc1f	885716b9cf97c7c4deea3b4590b99e5faf13bc1f	MATCH	2	https://api.github.com/repos/GettysburgResearch/riemann/git/matching-refs/pull/40	2026-09-05T17:47:18.188557+00:00	NO_HEAD_DELTA_AT_OBSERVATION	historical scope retained; no new scientific acceptance
404	ab71aa1fe0b1fd192011bbf40f032d2f42889ea0	ab71aa1fe0b1fd192011bbf40f032d2f42889ea0	MATCH	2	https://api.github.com/repos/GettysburgResearch/riemann/git/matching-refs/pull/40	2026-09-05T17:47:18.188560+00:00	NO_HEAD_DELTA_AT_OBSERVATION	historical scope retained; no new scientific acceptance
405	97d40e6574ba54d827fd361c70d550eeb60c9faf	97d40e6574ba54d827fd361c70d550eeb60c9faf	MATCH	2	https://api.github.com/repos/GettysburgResearch/riemann/git/matching-refs/pull/40	2026-09-05T17:47:18.188563+00:00	NO_HEAD_DELTA_AT_OBSERVATION	historical scope retained; no new scientific acceptance
406	b59e6fdbc8ac84231ad697c02687f199e83fb1b4	b59e6fdbc8ac84231ad697c02687f199e83fb1b4	MATCH	2	https://api.github.com/repos/GettysburgResearch/riemann/git/matching-refs/pull/40	2026-09-05T17:47:18.188565+00:00	NO_HEAD_DELTA_AT_OBSERVATION	historical scope retained; no new scientific acceptance
407	bf17e32c53724267ffc536073e586c1e9059d2d0	bf17e32c53724267ffc536073e586c1e9059d2d0	MATCH	2	https://api.github.com/repos/GettysburgResearch/riemann/git/matching-refs/pull/40	2026-09-05T17:47:18.188568+00:00	NO_HEAD_DELTA_AT_OBSERVATION	historical scope retained; no new scientific acceptance
408	ea3948ea21d90b9c9824874c5051dcc76e216a5b	ea3948ea21d90b9c9824874c5051dcc76e216a5b	MATCH	2	https://api.github.com/repos/GettysburgResearch/riemann/git/matching-refs/pull/40	2026-09-05T17:47:18.188570+00:00	NO_HEAD_DELTA_AT_OBSERVATION	historical scope retained; no new scientific acceptance
409	709a20509cbff9fb19dc094c9bbf05f13d74c628	709a20509cbff9fb19dc094c9bbf05f13d74c628	MATCH	2	https://api.github.com/repos/GettysburgResearch/riemann/git/matching-refs/pull/40	2026-09-05T17:47:18.188573+00:00	NO_HEAD_DELTA_AT_OBSERVATION	historical scope retained; no new scientific acceptance
410	5e0c23dcbd68f2decf79da43642dc3c077a48bb4	5e0c23dcbd68f2decf79da43642dc3c077a48bb4	MATCH	2	https://api.github.com/repos/GettysburgResearch/riemann/git/matching-refs/pull/41	2026-09-05T17:47:18.830718+00:00	NO_HEAD_DELTA_AT_OBSERVATION	historical scope retained; no new scientific acceptance
411	cc097bbe1a0ce6d13bd97ee3951d13762cb632d2	cc097bbe1a0ce6d13bd97ee3951d13762cb632d2	MATCH	2	https://api.github.com/repos/GettysburgResearch/riemann/git/matching-refs/pull/41	2026-09-05T17:47:18.830738+00:00	NO_HEAD_DELTA_AT_OBSERVATION	historical scope retained; no new scientific acceptance
412	f848f3cd2fb7ca6e46dbab5a053a8e51fc97729a	f848f3cd2fb7ca6e46dbab5a053a8e51fc97729a	MATCH	2	https://api.github.com/repos/GettysburgResearch/riemann/git/matching-refs/pull/41	2026-09-05T17:47:18.830743+00:00	NO_HEAD_DELTA_AT_OBSERVATION	historical scope retained; no new scientific acceptance
413	3ba7021d4ed2aa0f42e42917114be06510919bac	3ba7021d4ed2aa0f42e42917114be06510919bac	MATCH	2	https://api.github.com/repos/GettysburgResearch/riemann/git/matching-refs/pull/41	2026-09-05T17:47:18.830746+00:00	NO_HEAD_DELTA_AT_OBSERVATION	historical scope retained; no new scientific acceptance
414	0fe80e32781e109aee1882f2a069dbb2e3787f7e	0fe80e32781e109aee1882f2a069dbb2e3787f7e	MATCH	2	https://api.github.com/repos/GettysburgResearch/riemann/git/matching-refs/pull/41	2026-09-05T17:47:18.830749+00:00	NO_HEAD_DELTA_AT_OBSERVATION	historical scope retained; no new scientific acceptance
415	9bac15fed27af5730da9fb6bd27538a65032f639	9bac15fed27af5730da9fb6bd27538a65032f639	MATCH	2	https://api.github.com/repos/GettysburgResearch/riemann/git/matching-refs/pull/41	2026-09-05T17:47:18.830751+00:00	NO_HEAD_DELTA_AT_OBSERVATION	historical scope retained; no new scientific acceptance
416	23aa9adc48a6c3176b799944dfbac11e665407ef	23aa9adc48a6c3176b799944dfbac11e665407ef	MATCH	2	https://api.github.com/repos/GettysburgResearch/riemann/git/matching-refs/pull/41	2026-09-05T17:47:18.830753+00:00	NO_HEAD_DELTA_AT_OBSERVATION	historical scope retained; no new scientific acceptance
418	de0329a0004dc6954c8de4cb12179197d25533b9	de0329a0004dc6954c8de4cb12179197d25533b9	MATCH	2	https://api.github.com/repos/GettysburgResearch/riemann/git/matching-refs/pull/41	2026-09-05T17:47:18.830756+00:00	NO_HEAD_DELTA_AT_OBSERVATION	historical scope retained; no new scientific acceptance
419	1bba24ab1cadc7ca4529d6e345ed2be1afd71b07	1bba24ab1cadc7ca4529d6e345ed2be1afd71b07	MATCH	2	https://api.github.com/repos/GettysburgResearch/riemann/git/matching-refs/pull/41	2026-09-05T17:47:18.830758+00:00	NO_HEAD_DELTA_AT_OBSERVATION	historical scope retained; no new scientific acceptance
420	c978fc2c0f52f67800a0542a962e49c6110a5b8f	c978fc2c0f52f67800a0542a962e49c6110a5b8f	MATCH	2	https://api.github.com/repos/GettysburgResearch/riemann/git/matching-refs/pull/42	2026-09-05T17:47:58.016934+00:00	NO_HEAD_DELTA_AT_OBSERVATION	historical scope retained; no new scientific acceptance
421	0f34ba29bc9ac5ce5f1127aaaeba370c4455ebdc	0f34ba29bc9ac5ce5f1127aaaeba370c4455ebdc	MATCH	2	https://api.github.com/repos/GettysburgResearch/riemann/git/matching-refs/pull/42	2026-09-05T17:47:58.016953+00:00	NO_HEAD_DELTA_AT_OBSERVATION	historical scope retained; no new scientific acceptance
422	4619269090043f0baef2aa13f5cc1184eed85ee2	4619269090043f0baef2aa13f5cc1184eed85ee2	MATCH	2	https://api.github.com/repos/GettysburgResearch/riemann/git/matching-refs/pull/42	2026-09-05T17:47:58.016958+00:00	NO_HEAD_DELTA_AT_OBSERVATION	historical scope retained; no new scientific acceptance
423	03a057c7bc18080bf89afaa436abf839d6d1c17f	03a057c7bc18080bf89afaa436abf839d6d1c17f	MATCH	2	https://api.github.com/repos/GettysburgResearch/riemann/git/matching-refs/pull/42	2026-09-05T17:47:58.016963+00:00	NO_HEAD_DELTA_AT_OBSERVATION	historical scope retained; no new scientific acceptance
424	2bd4625bb2e3cf41318be5b22f6f8e8d0827fef1	2bd4625bb2e3cf41318be5b22f6f8e8d0827fef1	MATCH	2	https://api.github.com/repos/GettysburgResearch/riemann/git/matching-refs/pull/42	2026-09-05T17:47:58.016966+00:00	NO_HEAD_DELTA_AT_OBSERVATION	historical scope retained; no new scientific acceptance
425	d2b2c3eb336f9d9da6d35c34079b803968b52bf8	d2b2c3eb336f9d9da6d35c34079b803968b52bf8	MATCH	2	https://api.github.com/repos/GettysburgResearch/riemann/git/matching-refs/pull/42	2026-09-05T17:47:58.016968+00:00	NO_HEAD_DELTA_AT_OBSERVATION	historical scope retained; no new scientific acceptance
426	64bd5070bd7b948f7c925ec48b739b9cb86c99ac	64bd5070bd7b948f7c925ec48b739b9cb86c99ac	MATCH	2	https://api.github.com/repos/GettysburgResearch/riemann/git/matching-refs/pull/42	2026-09-05T17:47:58.016971+00:00	NO_HEAD_DELTA_AT_OBSERVATION	historical scope retained; no new scientific acceptance
427	e4cba612839efb7296c1664f173e924f9e252bbf	e4cba612839efb7296c1664f173e924f9e252bbf	MATCH	2	https://api.github.com/repos/GettysburgResearch/riemann/git/matching-refs/pull/42	2026-09-05T17:47:58.016973+00:00	NO_HEAD_DELTA_AT_OBSERVATION	historical scope retained; no new scientific acceptance
428	76d849e3210fac73af2f6bf2eded91b29659a313	76d849e3210fac73af2f6bf2eded91b29659a313	MATCH	2	https://api.github.com/repos/GettysburgResearch/riemann/git/matching-refs/pull/42	2026-09-05T17:47:58.016976+00:00	NO_HEAD_DELTA_AT_OBSERVATION	historical scope retained; no new scientific acceptance
429	56294bfcd2bdbce4c40b08f67cb996a39868f563	56294bfcd2bdbce4c40b08f67cb996a39868f563	MATCH	2	https://api.github.com/repos/GettysburgResearch/riemann/git/matching-refs/pull/42	2026-09-05T17:47:58.016978+00:00	NO_HEAD_DELTA_AT_OBSERVATION	historical scope retained; no new scientific acceptance
430	cedf2f5b43c99d6e6f9a760236432b123dd91770	cedf2f5b43c99d6e6f9a760236432b123dd91770	MATCH	2	https://api.github.com/repos/GettysburgResearch/riemann/git/matching-refs/pull/43	2026-09-05T17:47:58.631891+00:00	NO_HEAD_DELTA_AT_OBSERVATION	historical scope retained; no new scientific acceptance
431	78a622e32ef36e587099bb95cb791461b75d26bf	78a622e32ef36e587099bb95cb791461b75d26bf	MATCH	2	https://api.github.com/repos/GettysburgResearch/riemann/git/matching-refs/pull/43	2026-09-05T17:47:58.631914+00:00	NO_HEAD_DELTA_AT_OBSERVATION	historical scope retained; no new scientific acceptance
432	0e9f9b54ed2bccbdd1d0957095a61ec2e7e32c56	0e9f9b54ed2bccbdd1d0957095a61ec2e7e32c56	MATCH	2	https://api.github.com/repos/GettysburgResearch/riemann/git/matching-refs/pull/43	2026-09-05T17:47:58.631918+00:00	NO_HEAD_DELTA_AT_OBSERVATION	historical scope retained; no new scientific acceptance
433	0aab3a209c5368f93d409f3a1842304098550387	0aab3a209c5368f93d409f3a1842304098550387	MATCH	2	https://api.github.com/repos/GettysburgResearch/riemann/git/matching-refs/pull/43	2026-09-05T17:47:58.631921+00:00	NO_HEAD_DELTA_AT_OBSERVATION	historical scope retained; no new scientific acceptance
434	d69386dbfefe143e5ca478e591089a2c75847acd	d69386dbfefe143e5ca478e591089a2c75847acd	MATCH	2	https://api.github.com/repos/GettysburgResearch/riemann/git/matching-refs/pull/43	2026-09-05T17:47:58.631924+00:00	NO_HEAD_DELTA_AT_OBSERVATION	historical scope retained; no new scientific acceptance
435	42a6929df3b637a151a2612b977fcabd2e774599	42a6929df3b637a151a2612b977fcabd2e774599	MATCH	2	https://api.github.com/repos/GettysburgResearch/riemann/git/matching-refs/pull/43	2026-09-05T17:47:58.631927+00:00	NO_HEAD_DELTA_AT_OBSERVATION	historical scope retained; no new scientific acceptance
436	9aeccd55779689d3ee105d16a0caf6f600ff1ea2	9aeccd55779689d3ee105d16a0caf6f600ff1ea2	MATCH	2	https://api.github.com/repos/GettysburgResearch/riemann/git/matching-refs/pull/43	2026-09-05T17:47:58.631930+00:00	NO_HEAD_DELTA_AT_OBSERVATION	historical scope retained; no new scientific acceptance
437	77fd0e1333bfe8a7cd90c833e12ba55a45475bb6	77fd0e1333bfe8a7cd90c833e12ba55a45475bb6	MATCH	2	https://api.github.com/repos/GettysburgResearch/riemann/git/matching-refs/pull/43	2026-09-05T17:47:58.631932+00:00	NO_HEAD_DELTA_AT_OBSERVATION	historical scope retained; no new scientific acceptance
438	bb7327d21c47410820cda2671f45dbe709a72eea	bb7327d21c47410820cda2671f45dbe709a72eea	MATCH	2	https://api.github.com/repos/GettysburgResearch/riemann/git/matching-refs/pull/43	2026-09-05T17:47:58.631937+00:00	NO_HEAD_DELTA_AT_OBSERVATION	historical scope retained; no new scientific acceptance
439	706445c01d4a5c9f852a4faf1329bd9858dc727a	706445c01d4a5c9f852a4faf1329bd9858dc727a	MATCH	2	https://api.github.com/repos/GettysburgResearch/riemann/git/matching-refs/pull/43	2026-09-05T17:47:58.631941+00:00	NO_HEAD_DELTA_AT_OBSERVATION	historical scope retained; no new scientific acceptance
440	b971121babe6236a1c20cb34cb76215f4521f7bb	b971121babe6236a1c20cb34cb76215f4521f7bb	MATCH	2	https://api.github.com/repos/GettysburgResearch/riemann/git/matching-refs/pull/44	2026-09-05T17:47:59.219558+00:00	NO_HEAD_DELTA_AT_OBSERVATION	historical scope retained; no new scientific acceptance
441	3e562d060cee100e25b2400326a3b72002a5ead5	3e562d060cee100e25b2400326a3b72002a5ead5	MATCH	2	https://api.github.com/repos/GettysburgResearch/riemann/git/matching-refs/pull/44	2026-09-05T17:47:59.219578+00:00	NO_HEAD_DELTA_AT_OBSERVATION	historical scope retained; no new scientific acceptance
442	e2c97d5902bcc5c94d0b6f2f7de0756b84ce6cad	e2c97d5902bcc5c94d0b6f2f7de0756b84ce6cad	MATCH	2	https://api.github.com/repos/GettysburgResearch/riemann/git/matching-refs/pull/44	2026-09-05T17:47:59.219583+00:00	NO_HEAD_DELTA_AT_OBSERVATION	historical scope retained; no new scientific acceptance
443	da4bb5a8f8cd001a8a648d8606dc22e2bb8adc88	da4bb5a8f8cd001a8a648d8606dc22e2bb8adc88	MATCH	2	https://api.github.com/repos/GettysburgResearch/riemann/git/matching-refs/pull/44	2026-09-05T17:47:59.219586+00:00	NO_HEAD_DELTA_AT_OBSERVATION	historical scope retained; no new scientific acceptance
444	6a1dcdf14bb48d4df9cce16e5941087ac05e7934	6a1dcdf14bb48d4df9cce16e5941087ac05e7934	MATCH	2	https://api.github.com/repos/GettysburgResearch/riemann/git/matching-refs/pull/44	2026-09-05T17:47:59.219589+00:00	NO_HEAD_DELTA_AT_OBSERVATION	historical scope retained; no new scientific acceptance
445	c079c2ef21022be951027de1316aecf1168422c1	c079c2ef21022be951027de1316aecf1168422c1	MATCH	2	https://api.github.com/repos/GettysburgResearch/riemann/git/matching-refs/pull/44	2026-09-05T17:47:59.219591+00:00	NO_HEAD_DELTA_AT_OBSERVATION	historical scope retained; no new scientific acceptance
446	880d14cb4bcbf542ec199137d60c58d9a8fd723d	880d14cb4bcbf542ec199137d60c58d9a8fd723d	MATCH	2	https://api.github.com/repos/GettysburgResearch/riemann/git/matching-refs/pull/44	2026-09-05T17:47:59.219594+00:00	NO_HEAD_DELTA_AT_OBSERVATION	historical scope retained; no new scientific acceptance
447	d44c45b3ececa878296914a49e49279b10a1f637	d44c45b3ececa878296914a49e49279b10a1f637	MATCH	2	https://api.github.com/repos/GettysburgResearch/riemann/git/matching-refs/pull/44	2026-09-05T17:47:59.219596+00:00	NO_HEAD_DELTA_AT_OBSERVATION	historical scope retained; no new scientific acceptance
448	6e95cd3e05b3eb94121084e9c5eedf8a9e4d1bda	6e95cd3e05b3eb94121084e9c5eedf8a9e4d1bda	MATCH	2	https://api.github.com/repos/GettysburgResearch/riemann/git/matching-refs/pull/44	2026-09-05T17:47:59.219599+00:00	NO_HEAD_DELTA_AT_OBSERVATION	historical scope retained; no new scientific acceptance
449	e67f20803c8bbaa4b33aae366870269e5f560731	e67f20803c8bbaa4b33aae366870269e5f560731	MATCH	2	https://api.github.com/repos/GettysburgResearch/riemann/git/matching-refs/pull/44	2026-09-05T17:47:59.219601+00:00	NO_HEAD_DELTA_AT_OBSERVATION	historical scope retained; no new scientific acceptance
450	734040fba4d299256feb13aaeb45e60468ef6d1f	734040fba4d299256feb13aaeb45e60468ef6d1f	MATCH	2	https://api.github.com/repos/GettysburgResearch/riemann/git/matching-refs/pull/45	2026-09-05T17:48:43.327875+00:00	NO_HEAD_DELTA_AT_OBSERVATION	historical scope retained; no new scientific acceptance
451	f41797c91497dc462f549a127d8494bbe4ccde2f	f41797c91497dc462f549a127d8494bbe4ccde2f	MATCH	2	https://api.github.com/repos/GettysburgResearch/riemann/git/matching-refs/pull/45	2026-09-05T17:48:43.327896+00:00	NO_HEAD_DELTA_AT_OBSERVATION	historical scope retained; no new scientific acceptance
452	0de0709a03771f77ccf1c272535b79f86675184f	0de0709a03771f77ccf1c272535b79f86675184f	MATCH	2	https://api.github.com/repos/GettysburgResearch/riemann/git/matching-refs/pull/45	2026-09-05T17:48:43.327901+00:00	NO_HEAD_DELTA_AT_OBSERVATION	historical scope retained; no new scientific acceptance
453	a9cecbd3228bc26d4d0c3375c9694ee1e836f66a	a9cecbd3228bc26d4d0c3375c9694ee1e836f66a	MATCH	2	https://api.github.com/repos/GettysburgResearch/riemann/git/matching-refs/pull/45	2026-09-05T17:48:43.327904+00:00	NO_HEAD_DELTA_AT_OBSERVATION	historical scope retained; no new scientific acceptance
454	a0409d54250bc211d62718a1aedb6fa020d7f091	a0409d54250bc211d62718a1aedb6fa020d7f091	MATCH	2	https://api.github.com/repos/GettysburgResearch/riemann/git/matching-refs/pull/45	2026-09-05T17:48:43.327907+00:00	NO_HEAD_DELTA_AT_OBSERVATION	historical scope retained; no new scientific acceptance
455	1b502acbe511776178da3dc916e3cd3464cd5e77	1b502acbe511776178da3dc916e3cd3464cd5e77	MATCH	2	https://api.github.com/repos/GettysburgResearch/riemann/git/matching-refs/pull/45	2026-09-05T17:48:43.327911+00:00	NO_HEAD_DELTA_AT_OBSERVATION	historical scope retained; no new scientific acceptance
456	a72c1a0505b3bd79f99ad5ec207c39dd052c45a6	a72c1a0505b3bd79f99ad5ec207c39dd052c45a6	MATCH	2	https://api.github.com/repos/GettysburgResearch/riemann/git/matching-refs/pull/45	2026-09-05T17:48:43.327913+00:00	NO_HEAD_DELTA_AT_OBSERVATION	historical scope retained; no new scientific acceptance
457	e136fcf42fbab1195fc193e64ce4039d1a1d416c	e136fcf42fbab1195fc193e64ce4039d1a1d416c	MATCH	2	https://api.github.com/repos/GettysburgResearch/riemann/git/matching-refs/pull/45	2026-09-05T17:48:43.327916+00:00	NO_HEAD_DELTA_AT_OBSERVATION	historical scope retained; no new scientific acceptance
458	c8cd1e53e7ad96d3c43f213813e0ae0688341015	c8cd1e53e7ad96d3c43f213813e0ae0688341015	MATCH	2	https://api.github.com/repos/GettysburgResearch/riemann/git/matching-refs/pull/45	2026-09-05T17:48:43.327918+00:00	NO_HEAD_DELTA_AT_OBSERVATION	historical scope retained; no new scientific acceptance
459	57ddff8e164030323e93892180c6559f3da951b2	57ddff8e164030323e93892180c6559f3da951b2	MATCH	2	https://api.github.com/repos/GettysburgResearch/riemann/git/matching-refs/pull/45	2026-09-05T17:48:43.327921+00:00	NO_HEAD_DELTA_AT_OBSERVATION	historical scope retained; no new scientific acceptance
460	db9a767e312d9928f5ef827762dcb4ef95494af0	db9a767e312d9928f5ef827762dcb4ef95494af0	MATCH	2	https://api.github.com/repos/GettysburgResearch/riemann/git/matching-refs/pull/46	2026-09-05T17:48:43.926923+00:00	NO_HEAD_DELTA_AT_OBSERVATION	historical scope retained; no new scientific acceptance
461	ea633d416609565b3926f37c9302c93e1b818e2d	ea633d416609565b3926f37c9302c93e1b818e2d	MATCH	2	https://api.github.com/repos/GettysburgResearch/riemann/git/matching-refs/pull/46	2026-09-05T17:48:43.926943+00:00	NO_HEAD_DELTA_AT_OBSERVATION	historical scope retained; no new scientific acceptance
462	8642e062b6c6f5a4c7d443a1ee5a6e9ecf3e4706	8642e062b6c6f5a4c7d443a1ee5a6e9ecf3e4706	MATCH	2	https://api.github.com/repos/GettysburgResearch/riemann/git/matching-refs/pull/46	2026-09-05T17:48:43.926947+00:00	NO_HEAD_DELTA_AT_OBSERVATION	historical scope retained; no new scientific acceptance
463	9e138832258d19c252fe60597e36d02bfb95fe39	9e138832258d19c252fe60597e36d02bfb95fe39	MATCH	2	https://api.github.com/repos/GettysburgResearch/riemann/git/matching-refs/pull/46	2026-09-05T17:48:43.926951+00:00	NO_HEAD_DELTA_AT_OBSERVATION	historical scope retained; no new scientific acceptance
464	2eb70463f3d0ae791a9f140694d2ace7032ae864	2eb70463f3d0ae791a9f140694d2ace7032ae864	MATCH	2	https://api.github.com/repos/GettysburgResearch/riemann/git/matching-refs/pull/46	2026-09-05T17:48:43.926953+00:00	NO_HEAD_DELTA_AT_OBSERVATION	historical scope retained; no new scientific acceptance
465	595ba063a3147faefa3c358db32bbc5937bceb76	595ba063a3147faefa3c358db32bbc5937bceb76	MATCH	2	https://api.github.com/repos/GettysburgResearch/riemann/git/matching-refs/pull/46	2026-09-05T17:48:43.926956+00:00	NO_HEAD_DELTA_AT_OBSERVATION	historical scope retained; no new scientific acceptance
466	1fdac6bdc81edbc288d3a29503d53f1d0cffc76b	1fdac6bdc81edbc288d3a29503d53f1d0cffc76b	MATCH	2	https://api.github.com/repos/GettysburgResearch/riemann/git/matching-refs/pull/46	2026-09-05T17:48:43.926958+00:00	NO_HEAD_DELTA_AT_OBSERVATION	historical scope retained; no new scientific acceptance
467	d5e03a3a63bd05b43abf4b5e37905f86e9ec59d6	d5e03a3a63bd05b43abf4b5e37905f86e9ec59d6	MATCH	2	https://api.github.com/repos/GettysburgResearch/riemann/git/matching-refs/pull/46	2026-09-05T17:48:43.926961+00:00	NO_HEAD_DELTA_AT_OBSERVATION	historical scope retained; no new scientific acceptance
468	9e2ae6d26a7920055e1f11327dc0ddeb7b855c61	9e2ae6d26a7920055e1f11327dc0ddeb7b855c61	MATCH	2	https://api.github.com/repos/GettysburgResearch/riemann/git/matching-refs/pull/46	2026-09-05T17:48:43.926963+00:00	NO_HEAD_DELTA_AT_OBSERVATION	historical scope retained; no new scientific acceptance
469	3cf685181bd367b92cdcfeef9249e0b9b542a09e	3cf685181bd367b92cdcfeef9249e0b9b542a09e	MATCH	2	https://api.github.com/repos/GettysburgResearch/riemann/git/matching-refs/pull/46	2026-09-05T17:48:43.926966+00:00	NO_HEAD_DELTA_AT_OBSERVATION	historical scope retained; no new scientific acceptance
470	89af3206ea1894884613e1188b5ab9a6a4cd74f0	89af3206ea1894884613e1188b5ab9a6a4cd74f0	MATCH	2	https://api.github.com/repos/GettysburgResearch/riemann/git/matching-refs/pull/47	2026-09-05T17:48:44.502511+00:00	NO_HEAD_DELTA_AT_OBSERVATION	historical scope retained; no new scientific acceptance
471	4ac821701177edb67a77fe43e89cc2a7a53af68a	4ac821701177edb67a77fe43e89cc2a7a53af68a	MATCH	2	https://api.github.com/repos/GettysburgResearch/riemann/git/matching-refs/pull/47	2026-09-05T17:48:44.502530+00:00	NO_HEAD_DELTA_AT_OBSERVATION	historical scope retained; no new scientific acceptance
472	bb364396e09717237351d4aed9aadf6c570cb7fc	bb364396e09717237351d4aed9aadf6c570cb7fc	MATCH	2	https://api.github.com/repos/GettysburgResearch/riemann/git/matching-refs/pull/47	2026-09-05T17:48:44.502535+00:00	NO_HEAD_DELTA_AT_OBSERVATION	historical scope retained; no new scientific acceptance
473	71d6a859ea741fe035de709e8d10ed37301b778e	71d6a859ea741fe035de709e8d10ed37301b778e	MATCH	2	https://api.github.com/repos/GettysburgResearch/riemann/git/matching-refs/pull/47	2026-09-05T17:48:44.502538+00:00	NO_HEAD_DELTA_AT_OBSERVATION	historical scope retained; no new scientific acceptance
474	da557977e6d496cdc395c823e0c8c2aa830ee3e1	da557977e6d496cdc395c823e0c8c2aa830ee3e1	MATCH	2	https://api.github.com/repos/GettysburgResearch/riemann/git/matching-refs/pull/47	2026-09-05T17:48:44.502541+00:00	NO_HEAD_DELTA_AT_OBSERVATION	historical scope retained; no new scientific acceptance
475	6cba90ea10163abd62b051c83c8bfd8cc2f901da	6cba90ea10163abd62b051c83c8bfd8cc2f901da	MATCH	2	https://api.github.com/repos/GettysburgResearch/riemann/git/matching-refs/pull/47	2026-09-05T17:48:44.502543+00:00	NO_HEAD_DELTA_AT_OBSERVATION	historical scope retained; no new scientific acceptance
476	9f16ce483954d4233b68ee09cb6bec47400aa3cc	9f16ce483954d4233b68ee09cb6bec47400aa3cc	MATCH	2	https://api.github.com/repos/GettysburgResearch/riemann/git/matching-refs/pull/47	2026-09-05T17:48:44.502546+00:00	NO_HEAD_DELTA_AT_OBSERVATION	historical scope retained; no new scientific acceptance
477	5acd9007b4f4bb1792466f5013c39bf4eac33f9e	5acd9007b4f4bb1792466f5013c39bf4eac33f9e	MATCH	2	https://api.github.com/repos/GettysburgResearch/riemann/git/matching-refs/pull/47	2026-09-05T17:48:44.502549+00:00	NO_HEAD_DELTA_AT_OBSERVATION	historical scope retained; no new scientific acceptance
478	9d19a7a6ff132fa5a39347392cbeadf09c14a261	9d19a7a6ff132fa5a39347392cbeadf09c14a261	MATCH	2	https://api.github.com/repos/GettysburgResearch/riemann/git/matching-refs/pull/47	2026-09-05T17:48:44.502551+00:00	NO_HEAD_DELTA_AT_OBSERVATION	historical scope retained; no new scientific acceptance
479	518b6a5ec2b49b7decbd4c2e349d0ee5b26bfc9b	518b6a5ec2b49b7decbd4c2e349d0ee5b26bfc9b	MATCH	2	https://api.github.com/repos/GettysburgResearch/riemann/git/matching-refs/pull/47	2026-09-05T17:48:44.502554+00:00	NO_HEAD_DELTA_AT_OBSERVATION	historical scope retained; no new scientific acceptance
480	d6d9c051abb20a47f3ce7adb45de33bfc2b933b9	d6d9c051abb20a47f3ce7adb45de33bfc2b933b9	MATCH	2	https://api.github.com/repos/GettysburgResearch/riemann/git/matching-refs/pull/48	2026-09-05T17:49:21.905556+00:00	NO_HEAD_DELTA_AT_OBSERVATION	historical scope retained; no new scientific acceptance
481	005ae49723898d8661d407a0433a6d69cb6d6efc	005ae49723898d8661d407a0433a6d69cb6d6efc	MATCH	2	https://api.github.com/repos/GettysburgResearch/riemann/git/matching-refs/pull/48	2026-09-05T17:49:21.905577+00:00	NO_HEAD_DELTA_AT_OBSERVATION	historical scope retained; no new scientific acceptance
482	b8428601ad0f046442558b677e5b3ed3139e7527	b8428601ad0f046442558b677e5b3ed3139e7527	MATCH	2	https://api.github.com/repos/GettysburgResearch/riemann/git/matching-refs/pull/48	2026-09-05T17:49:21.905582+00:00	NO_HEAD_DELTA_AT_OBSERVATION	historical scope retained; no new scientific acceptance
483	87bd7ad2127f98b6141b4c03355556f2b95f6404	87bd7ad2127f98b6141b4c03355556f2b95f6404	MATCH	2	https://api.github.com/repos/GettysburgResearch/riemann/git/matching-refs/pull/48	2026-09-05T17:49:21.905585+00:00	NO_HEAD_DELTA_AT_OBSERVATION	historical scope retained; no new scientific acceptance
484	aadf3541f9959e27a5e0eea890a13a8eb0467b01	aadf3541f9959e27a5e0eea890a13a8eb0467b01	MATCH	2	https://api.github.com/repos/GettysburgResearch/riemann/git/matching-refs/pull/48	2026-09-05T17:49:21.905587+00:00	NO_HEAD_DELTA_AT_OBSERVATION	historical scope retained; no new scientific acceptance
485	116d0ffb42602d5711abdba15aeb3ba9de076984	116d0ffb42602d5711abdba15aeb3ba9de076984	MATCH	2	https://api.github.com/repos/GettysburgResearch/riemann/git/matching-refs/pull/48	2026-09-05T17:49:21.905590+00:00	NO_HEAD_DELTA_AT_OBSERVATION	historical scope retained; no new scientific acceptance
486	0d8badeda73626598a74dc3ef009b67a74af3b81	0d8badeda73626598a74dc3ef009b67a74af3b81	MATCH	2	https://api.github.com/repos/GettysburgResearch/riemann/git/matching-refs/pull/48	2026-09-05T17:49:21.905593+00:00	NO_HEAD_DELTA_AT_OBSERVATION	historical scope retained; no new scientific acceptance
487	39d2cbc7cabf31ac1f8013f2f6d1785c86a4fdeb	39d2cbc7cabf31ac1f8013f2f6d1785c86a4fdeb	MATCH	2	https://api.github.com/repos/GettysburgResearch/riemann/git/matching-refs/pull/48	2026-09-05T17:49:21.905597+00:00	NO_HEAD_DELTA_AT_OBSERVATION	historical scope retained; no new scientific acceptance
488	9acd381fa168db02a03646ab16851daebbf4d0fd	9acd381fa168db02a03646ab16851daebbf4d0fd	MATCH	2	https://api.github.com/repos/GettysburgResearch/riemann/git/matching-refs/pull/48	2026-09-05T17:49:21.905599+00:00	NO_HEAD_DELTA_AT_OBSERVATION	historical scope retained; no new scientific acceptance
489	0bb487c8a0782f601be0a3041743b357ad93726a	0bb487c8a0782f601be0a3041743b357ad93726a	MATCH	2	https://api.github.com/repos/GettysburgResearch/riemann/git/matching-refs/pull/48	2026-09-05T17:49:21.905601+00:00	NO_HEAD_DELTA_AT_OBSERVATION	historical scope retained; no new scientific acceptance
490	6f46c2cf4e84d51c744263f7e92a0e1743de5148	6f46c2cf4e84d51c744263f7e92a0e1743de5148	MATCH	2	https://api.github.com/repos/GettysburgResearch/riemann/git/matching-refs/pull/49	2026-09-05T17:49:22.502597+00:00	NO_HEAD_DELTA_AT_OBSERVATION	historical scope retained; no new scientific acceptance
491	f5fb88c80f56e0b4e221c90f6362cf20413db02f	f5fb88c80f56e0b4e221c90f6362cf20413db02f	MATCH	2	https://api.github.com/repos/GettysburgResearch/riemann/git/matching-refs/pull/49	2026-09-05T17:49:22.502618+00:00	NO_HEAD_DELTA_AT_OBSERVATION	historical scope retained; no new scientific acceptance
492	9be030febf71135efbbb8a997f6cee2335ed719a	9be030febf71135efbbb8a997f6cee2335ed719a	MATCH	2	https://api.github.com/repos/GettysburgResearch/riemann/git/matching-refs/pull/49	2026-09-05T17:49:22.502622+00:00	NO_HEAD_DELTA_AT_OBSERVATION	historical scope retained; no new scientific acceptance
493	37f14be7c8bd16b3096baf08f6ba2cbc550797ac	37f14be7c8bd16b3096baf08f6ba2cbc550797ac	MATCH	2	https://api.github.com/repos/GettysburgResearch/riemann/git/matching-refs/pull/49	2026-09-05T17:49:22.502625+00:00	NO_HEAD_DELTA_AT_OBSERVATION	historical scope retained; no new scientific acceptance
494	1468ff62c7377f3f6cc1744ef6eafc3df3172d5c	1468ff62c7377f3f6cc1744ef6eafc3df3172d5c	MATCH	2	https://api.github.com/repos/GettysburgResearch/riemann/git/matching-refs/pull/49	2026-09-05T17:49:22.502628+00:00	NO_HEAD_DELTA_AT_OBSERVATION	historical scope retained; no new scientific acceptance
495	50f45b46cbe3c471d6e702c41c7ef178b530e1ab	50f45b46cbe3c471d6e702c41c7ef178b530e1ab	MATCH	2	https://api.github.com/repos/GettysburgResearch/riemann/git/matching-refs/pull/49	2026-09-05T17:49:22.502630+00:00	NO_HEAD_DELTA_AT_OBSERVATION	historical scope retained; no new scientific acceptance
496	96f8a6b3cc3d474217633e16d4caa490a0aae518	96f8a6b3cc3d474217633e16d4caa490a0aae518	MATCH	2	https://api.github.com/repos/GettysburgResearch/riemann/git/matching-refs/pull/49	2026-09-05T17:49:22.502632+00:00	NO_HEAD_DELTA_AT_OBSERVATION	historical scope retained; no new scientific acceptance
497	bd2a3c32ab50d8a8cec39c4b51ccd63349b23a74	bd2a3c32ab50d8a8cec39c4b51ccd63349b23a74	MATCH	2	https://api.github.com/repos/GettysburgResearch/riemann/git/matching-refs/pull/49	2026-09-05T17:49:22.502635+00:00	NO_HEAD_DELTA_AT_OBSERVATION	historical scope retained; no new scientific acceptance
498	6cc0da2fa5711017e260ebdcea4ba8c22e453288	6cc0da2fa5711017e260ebdcea4ba8c22e453288	MATCH	2	https://api.github.com/repos/GettysburgResearch/riemann/git/matching-refs/pull/49	2026-09-05T17:49:22.502637+00:00	NO_HEAD_DELTA_AT_OBSERVATION	historical scope retained; no new scientific acceptance
499	99d3983b57f82941131caa8d9c36e4947f1179a0	99d3983b57f82941131caa8d9c36e4947f1179a0	MATCH	2	https://api.github.com/repos/GettysburgResearch/riemann/git/matching-refs/pull/49	2026-09-05T17:49:22.502640+00:00	NO_HEAD_DELTA_AT_OBSERVATION	historical scope retained; no new scientific acceptance
500	d73c1e7a1a482cac31581211a84db43cc34c824e	d73c1e7a1a482cac31581211a84db43cc34c824e	MATCH	2	https://api.github.com/repos/GettysburgResearch/riemann/git/matching-refs/pull/50	2026-09-05T17:49:23.082783+00:00	NO_HEAD_DELTA_AT_OBSERVATION	historical scope retained; no new scientific acceptance
501	ab5bd0ffc7a8092d62e879431dbd9f295f79f072	ab5bd0ffc7a8092d62e879431dbd9f295f79f072	MATCH	2	https://api.github.com/repos/GettysburgResearch/riemann/git/matching-refs/pull/50	2026-09-05T17:49:23.082802+00:00	NO_HEAD_DELTA_AT_OBSERVATION	historical scope retained; no new scientific acceptance
502	db45b778d8c26e03ef1ad6b6f48959638be28b7c	db45b778d8c26e03ef1ad6b6f48959638be28b7c	MATCH	2	https://api.github.com/repos/GettysburgResearch/riemann/git/matching-refs/pull/50	2026-09-05T17:49:23.082808+00:00	NO_HEAD_DELTA_AT_OBSERVATION	historical scope retained; no new scientific acceptance
503	db77e5792966edf080604fd4b69fb00f07739681	db77e5792966edf080604fd4b69fb00f07739681	MATCH	2	https://api.github.com/repos/GettysburgResearch/riemann/git/matching-refs/pull/50	2026-09-05T17:49:23.082811+00:00	NO_HEAD_DELTA_AT_OBSERVATION	historical scope retained; no new scientific acceptance
504	fe1a3c94379c3d159efa05ea216d12643e63be16	fe1a3c94379c3d159efa05ea216d12643e63be16	MATCH	2	https://api.github.com/repos/GettysburgResearch/riemann/git/matching-refs/pull/50	2026-09-05T17:49:23.082814+00:00	NO_HEAD_DELTA_AT_OBSERVATION	historical scope retained; no new scientific acceptance
505	1113fe6d55e955a8d9de7b43ceb24f5792870550	1113fe6d55e955a8d9de7b43ceb24f5792870550	MATCH	2	https://api.github.com/repos/GettysburgResearch/riemann/git/matching-refs/pull/50	2026-09-05T17:49:23.082817+00:00	NO_HEAD_DELTA_AT_OBSERVATION	historical scope retained; no new scientific acceptance
506	3d44cf10f8b5f36fd06a57a745550a25142e3658	3d44cf10f8b5f36fd06a57a745550a25142e3658	MATCH	2	https://api.github.com/repos/GettysburgResearch/riemann/git/matching-refs/pull/50	2026-09-05T17:49:23.082819+00:00	NO_HEAD_DELTA_AT_OBSERVATION	historical scope retained; no new scientific acceptance
507	dfaa70cd2eefcabbf6717e3da060792904c7f357	dfaa70cd2eefcabbf6717e3da060792904c7f357	MATCH	2	https://api.github.com/repos/GettysburgResearch/riemann/git/matching-refs/pull/50	2026-09-05T17:49:23.082821+00:00	NO_HEAD_DELTA_AT_OBSERVATION	historical scope retained; no new scientific acceptance
508	4ae97dffd1f76ed3244b8f3028560ffa80663caf	4ae97dffd1f76ed3244b8f3028560ffa80663caf	MATCH	2	https://api.github.com/repos/GettysburgResearch/riemann/git/matching-refs/pull/50	2026-09-05T17:49:23.082824+00:00	NO_HEAD_DELTA_AT_OBSERVATION	historical scope retained; no new scientific acceptance
509	e01daee9cdfea35d2a7d2591f1df6c8080084119	e01daee9cdfea35d2a7d2591f1df6c8080084119	MATCH	2	https://api.github.com/repos/GettysburgResearch/riemann/git/matching-refs/pull/50	2026-09-05T17:49:23.082826+00:00	NO_HEAD_DELTA_AT_OBSERVATION	historical scope retained; no new scientific acceptance
510	b596b1abae9213366aab4cf3f2c911ff8cfab725	b596b1abae9213366aab4cf3f2c911ff8cfab725	MATCH	2	https://api.github.com/repos/GettysburgResearch/riemann/git/matching-refs/pull/51	2026-09-05T17:49:53.679828+00:00	NO_HEAD_DELTA_AT_OBSERVATION	historical scope retained; no new scientific acceptance
511	6ece82279cb03474ebc79914db572f6ff095d238	6ece82279cb03474ebc79914db572f6ff095d238	MATCH	2	https://api.github.com/repos/GettysburgResearch/riemann/git/matching-refs/pull/51	2026-09-05T17:49:53.679847+00:00	NO_HEAD_DELTA_AT_OBSERVATION	historical scope retained; no new scientific acceptance
512	625a9273696a1f017f32d37bf9052423ee8590c7	625a9273696a1f017f32d37bf9052423ee8590c7	MATCH	2	https://api.github.com/repos/GettysburgResearch/riemann/git/matching-refs/pull/51	2026-09-05T17:49:53.679852+00:00	NO_HEAD_DELTA_AT_OBSERVATION	historical scope retained; no new scientific acceptance
513	4275fe97aa5ba885210abb6296c7048386e5909d	4275fe97aa5ba885210abb6296c7048386e5909d	MATCH	2	https://api.github.com/repos/GettysburgResearch/riemann/git/matching-refs/pull/51	2026-09-05T17:49:53.679855+00:00	NO_HEAD_DELTA_AT_OBSERVATION	historical scope retained; no new scientific acceptance
514	944dabba065271f08f3cade0215292dcfbab590f	944dabba065271f08f3cade0215292dcfbab590f	MATCH	2	https://api.github.com/repos/GettysburgResearch/riemann/git/matching-refs/pull/51	2026-09-05T17:49:53.679858+00:00	NO_HEAD_DELTA_AT_OBSERVATION	historical scope retained; no new scientific acceptance
515	6728689d1dbae1891793aabbc393b25e0a7bbaba	6728689d1dbae1891793aabbc393b25e0a7bbaba	MATCH	2	https://api.github.com/repos/GettysburgResearch/riemann/git/matching-refs/pull/51	2026-09-05T17:49:53.679860+00:00	NO_HEAD_DELTA_AT_OBSERVATION	historical scope retained; no new scientific acceptance
516	2492bd48f8e2bafacfc04fc9237c06219b8c9bf8	2492bd48f8e2bafacfc04fc9237c06219b8c9bf8	MATCH	2	https://api.github.com/repos/GettysburgResearch/riemann/git/matching-refs/pull/51	2026-09-05T17:49:53.679862+00:00	NO_HEAD_DELTA_AT_OBSERVATION	historical scope retained; no new scientific acceptance
517	f097193037352253cc37e13bca41252233e805fd	f097193037352253cc37e13bca41252233e805fd	MATCH	2	https://api.github.com/repos/GettysburgResearch/riemann/git/matching-refs/pull/51	2026-09-05T17:49:53.679865+00:00	NO_HEAD_DELTA_AT_OBSERVATION	historical scope retained; no new scientific acceptance
518	3277b831b30f4783ed3b087df57e95b9f7dfd7b0	3277b831b30f4783ed3b087df57e95b9f7dfd7b0	MATCH	2	https://api.github.com/repos/GettysburgResearch/riemann/git/matching-refs/pull/51	2026-09-05T17:49:53.679868+00:00	NO_HEAD_DELTA_AT_OBSERVATION	historical scope retained; no new scientific acceptance
519	fb15b598734546230aa51a16dda28488d214729f	fb15b598734546230aa51a16dda28488d214729f	MATCH	2	https://api.github.com/repos/GettysburgResearch/riemann/git/matching-refs/pull/51	2026-09-05T17:49:53.679871+00:00	NO_HEAD_DELTA_AT_OBSERVATION	historical scope retained; no new scientific acceptance
520	41db5f783c751e66c786f18fa7fbd6d9bf229a8d	41db5f783c751e66c786f18fa7fbd6d9bf229a8d	MATCH	2	https://api.github.com/repos/GettysburgResearch/riemann/git/matching-refs/pull/52	2026-09-05T17:49:54.267169+00:00	NO_HEAD_DELTA_AT_OBSERVATION	historical scope retained; no new scientific acceptance
521	b4a60a54b1d730a73ab1eb6bb571485dd40438d0	b4a60a54b1d730a73ab1eb6bb571485dd40438d0	MATCH	2	https://api.github.com/repos/GettysburgResearch/riemann/git/matching-refs/pull/52	2026-09-05T17:49:54.267188+00:00	NO_HEAD_DELTA_AT_OBSERVATION	historical scope retained; no new scientific acceptance
522	3e8949af3e23b8563bfbc0cf8846820cc6c66d76	3e8949af3e23b8563bfbc0cf8846820cc6c66d76	MATCH	2	https://api.github.com/repos/GettysburgResearch/riemann/git/matching-refs/pull/52	2026-09-05T17:49:54.267193+00:00	NO_HEAD_DELTA_AT_OBSERVATION	historical scope retained; no new scientific acceptance
523	f2e2e96c48285f59a8df807ba49122778cb10ff4	f2e2e96c48285f59a8df807ba49122778cb10ff4	MATCH	2	https://api.github.com/repos/GettysburgResearch/riemann/git/matching-refs/pull/52	2026-09-05T17:49:54.267196+00:00	NO_HEAD_DELTA_AT_OBSERVATION	historical scope retained; no new scientific acceptance
524	079a80308a218e924d86030c4df40410df960592	079a80308a218e924d86030c4df40410df960592	MATCH	2	https://api.github.com/repos/GettysburgResearch/riemann/git/matching-refs/pull/52	2026-09-05T17:49:54.267198+00:00	NO_HEAD_DELTA_AT_OBSERVATION	historical scope retained; no new scientific acceptance
525	18888e91786e438eac9bbcdc1a65b16a7e0479fa	18888e91786e438eac9bbcdc1a65b16a7e0479fa	MATCH	2	https://api.github.com/repos/GettysburgResearch/riemann/git/matching-refs/pull/52	2026-09-05T17:49:54.267201+00:00	NO_HEAD_DELTA_AT_OBSERVATION	historical scope retained; no new scientific acceptance
526	1257867fd9667b7470dd5a5bf591b04437dd44ec	1257867fd9667b7470dd5a5bf591b04437dd44ec	MATCH	2	https://api.github.com/repos/GettysburgResearch/riemann/git/matching-refs/pull/52	2026-09-05T17:49:54.267203+00:00	NO_HEAD_DELTA_AT_OBSERVATION	historical scope retained; no new scientific acceptance
527	687587b98071879e7f8034f66b5d95b3b76b016a	687587b98071879e7f8034f66b5d95b3b76b016a	MATCH	2	https://api.github.com/repos/GettysburgResearch/riemann/git/matching-refs/pull/52	2026-09-05T17:49:54.267206+00:00	NO_HEAD_DELTA_AT_OBSERVATION	historical scope retained; no new scientific acceptance
528	f39f5f506dae475f8ed857f69d3469bf36ba7786	f39f5f506dae475f8ed857f69d3469bf36ba7786	MATCH	2	https://api.github.com/repos/GettysburgResearch/riemann/git/matching-refs/pull/52	2026-09-05T17:49:54.267208+00:00	NO_HEAD_DELTA_AT_OBSERVATION	historical scope retained; no new scientific acceptance
529	ada020d303468f592ad1c18221c2d227ae2364ec	ada020d303468f592ad1c18221c2d227ae2364ec	MATCH	2	https://api.github.com/repos/GettysburgResearch/riemann/git/matching-refs/pull/52	2026-09-05T17:49:54.267210+00:00	NO_HEAD_DELTA_AT_OBSERVATION	historical scope retained; no new scientific acceptance
530	6c818a35094b978863a08bde4227d1f4ad9b65d4	6c818a35094b978863a08bde4227d1f4ad9b65d4	MATCH	2	https://api.github.com/repos/GettysburgResearch/riemann/git/matching-refs/pull/53	2026-09-05T17:49:54.884283+00:00	NO_HEAD_DELTA_AT_OBSERVATION	historical scope retained; no new scientific acceptance
531	e1b3b03d97d47c5046aa84f31e51c925d92baabd	e1b3b03d97d47c5046aa84f31e51c925d92baabd	MATCH	2	https://api.github.com/repos/GettysburgResearch/riemann/git/matching-refs/pull/53	2026-09-05T17:49:54.884303+00:00	NO_HEAD_DELTA_AT_OBSERVATION	historical scope retained; no new scientific acceptance
532	0d8e480a7f005b9db292d0eb477e6ddec0c8931e	0d8e480a7f005b9db292d0eb477e6ddec0c8931e	MATCH	2	https://api.github.com/repos/GettysburgResearch/riemann/git/matching-refs/pull/53	2026-09-05T17:49:54.884307+00:00	NO_HEAD_DELTA_AT_OBSERVATION	historical scope retained; no new scientific acceptance
533	624db1e68f0197a002a542ffa37375dc7b26e197	624db1e68f0197a002a542ffa37375dc7b26e197	MATCH	2	https://api.github.com/repos/GettysburgResearch/riemann/git/matching-refs/pull/53	2026-09-05T17:49:54.884312+00:00	NO_HEAD_DELTA_AT_OBSERVATION	historical scope retained; no new scientific acceptance
534	ef18bdda5a65334695008e4c1f5986833160d84f	ef18bdda5a65334695008e4c1f5986833160d84f	MATCH	2	https://api.github.com/repos/GettysburgResearch/riemann/git/matching-refs/pull/53	2026-09-05T17:49:54.884315+00:00	NO_HEAD_DELTA_AT_OBSERVATION	historical scope retained; no new scientific acceptance
535	988e9bfa55e7ed13c0ddbcab2f6138a83fd4f743	988e9bfa55e7ed13c0ddbcab2f6138a83fd4f743	MATCH	2	https://api.github.com/repos/GettysburgResearch/riemann/git/matching-refs/pull/53	2026-09-05T17:49:54.884318+00:00	NO_HEAD_DELTA_AT_OBSERVATION	historical scope retained; no new scientific acceptance
536	b0ccb4decf5329e041a3a516f4b990a55a73c50e	b0ccb4decf5329e041a3a516f4b990a55a73c50e	MATCH	2	https://api.github.com/repos/GettysburgResearch/riemann/git/matching-refs/pull/53	2026-09-05T17:49:54.884321+00:00	NO_HEAD_DELTA_AT_OBSERVATION	historical scope retained; no new scientific acceptance
537	2c2d4dd834ee61c54a6f8bdd7ba204a01896d593	2c2d4dd834ee61c54a6f8bdd7ba204a01896d593	MATCH	2	https://api.github.com/repos/GettysburgResearch/riemann/git/matching-refs/pull/53	2026-09-05T17:49:54.884324+00:00	NO_HEAD_DELTA_AT_OBSERVATION	historical scope retained; no new scientific acceptance
538	b7ed54922cee0bb6a62fd189f0f83edd3ff7441a	b7ed54922cee0bb6a62fd189f0f83edd3ff7441a	MATCH	2	https://api.github.com/repos/GettysburgResearch/riemann/git/matching-refs/pull/53	2026-09-05T17:49:54.884327+00:00	NO_HEAD_DELTA_AT_OBSERVATION	historical scope retained; no new scientific acceptance
539	9c124705600603914ee9fe2678360b759780a1e0	9c124705600603914ee9fe2678360b759780a1e0	MATCH	2	https://api.github.com/repos/GettysburgResearch/riemann/git/matching-refs/pull/53	2026-09-05T17:49:54.884329+00:00	NO_HEAD_DELTA_AT_OBSERVATION	historical scope retained; no new scientific acceptance
540	d2984600a848aca04f27b46bda86bd92229a4a0b	d2984600a848aca04f27b46bda86bd92229a4a0b	MATCH	2	https://api.github.com/repos/GettysburgResearch/riemann/git/matching-refs/pull/54	2026-09-05T17:50:28.369249+00:00	NO_HEAD_DELTA_AT_OBSERVATION	historical scope retained; no new scientific acceptance
541	e381f444191e214cc992208b16d30a8d5fd461ac	e381f444191e214cc992208b16d30a8d5fd461ac	MATCH	2	https://api.github.com/repos/GettysburgResearch/riemann/git/matching-refs/pull/54	2026-09-05T17:50:28.369269+00:00	NO_HEAD_DELTA_AT_OBSERVATION	historical scope retained; no new scientific acceptance
542	ca5fb69c15cda29b3b589660f9be44ea2f440677	ca5fb69c15cda29b3b589660f9be44ea2f440677	MATCH	2	https://api.github.com/repos/GettysburgResearch/riemann/git/matching-refs/pull/54	2026-09-05T17:50:28.369273+00:00	NO_HEAD_DELTA_AT_OBSERVATION	historical scope retained; no new scientific acceptance
543	90017face8bab139e25924ac0f31647e327c2e3d	90017face8bab139e25924ac0f31647e327c2e3d	MATCH	2	https://api.github.com/repos/GettysburgResearch/riemann/git/matching-refs/pull/54	2026-09-05T17:50:28.369276+00:00	NO_HEAD_DELTA_AT_OBSERVATION	historical scope retained; no new scientific acceptance
544	d4dcd1256dc9c8e110c860cff87b3f89aee842a5	d4dcd1256dc9c8e110c860cff87b3f89aee842a5	MATCH	2	https://api.github.com/repos/GettysburgResearch/riemann/git/matching-refs/pull/54	2026-09-05T17:50:28.369279+00:00	NO_HEAD_DELTA_AT_OBSERVATION	historical scope retained; no new scientific acceptance
545	88bd3547c6277b5788e52eedd9ada1c594f4f866	88bd3547c6277b5788e52eedd9ada1c594f4f866	MATCH	2	https://api.github.com/repos/GettysburgResearch/riemann/git/matching-refs/pull/54	2026-09-05T17:50:28.369281+00:00	NO_HEAD_DELTA_AT_OBSERVATION	historical scope retained; no new scientific acceptance
546	f920202ea15c577bf05fa58370bdc3d8313868cd	f920202ea15c577bf05fa58370bdc3d8313868cd	MATCH	2	https://api.github.com/repos/GettysburgResearch/riemann/git/matching-refs/pull/54	2026-09-05T17:50:28.369284+00:00	NO_HEAD_DELTA_AT_OBSERVATION	historical scope retained; no new scientific acceptance
547	d60f93b0e207a83a283fb229eb988aa4c404765d	d60f93b0e207a83a283fb229eb988aa4c404765d	MATCH	2	https://api.github.com/repos/GettysburgResearch/riemann/git/matching-refs/pull/54	2026-09-05T17:50:28.369286+00:00	NO_HEAD_DELTA_AT_OBSERVATION	historical scope retained; no new scientific acceptance
548	7c7677e3dda318f8f8ccb813c4ca38f14448a538	7c7677e3dda318f8f8ccb813c4ca38f14448a538	MATCH	2	https://api.github.com/repos/GettysburgResearch/riemann/git/matching-refs/pull/54	2026-09-05T17:50:28.369288+00:00	NO_HEAD_DELTA_AT_OBSERVATION	historical scope retained; no new scientific acceptance
549	4ef69785b84b3801627956c3f0c9cf0ce56299aa	4ef69785b84b3801627956c3f0c9cf0ce56299aa	MATCH	2	https://api.github.com/repos/GettysburgResearch/riemann/git/matching-refs/pull/54	2026-09-05T17:50:28.369291+00:00	NO_HEAD_DELTA_AT_OBSERVATION	historical scope retained; no new scientific acceptance
550	20646a78c3e8843001cb49ea0c9741f6d0d446f7	20646a78c3e8843001cb49ea0c9741f6d0d446f7	MATCH	2	https://api.github.com/repos/GettysburgResearch/riemann/git/matching-refs/pull/55	2026-09-05T17:50:28.927959+00:00	NO_HEAD_DELTA_AT_OBSERVATION	historical scope retained; no new scientific acceptance
551	c8702aef34a25c614f91dea1ecc6e787478e8170	c8702aef34a25c614f91dea1ecc6e787478e8170	MATCH	2	https://api.github.com/repos/GettysburgResearch/riemann/git/matching-refs/pull/55	2026-09-05T17:50:28.927980+00:00	NO_HEAD_DELTA_AT_OBSERVATION	historical scope retained; no new scientific acceptance
552	81df9c3f507aba0e5f21187044583a0d6fb90db9	81df9c3f507aba0e5f21187044583a0d6fb90db9	MATCH	2	https://api.github.com/repos/GettysburgResearch/riemann/git/matching-refs/pull/55	2026-09-05T17:50:28.927984+00:00	NO_HEAD_DELTA_AT_OBSERVATION	historical scope retained; no new scientific acceptance
553	5496d87ad04dc288921cc397213f93f451f10d36	5496d87ad04dc288921cc397213f93f451f10d36	MATCH	2	https://api.github.com/repos/GettysburgResearch/riemann/git/matching-refs/pull/55	2026-09-05T17:50:28.927987+00:00	NO_HEAD_DELTA_AT_OBSERVATION	historical scope retained; no new scientific acceptance
554	4d920d8e35389620ee1ce0b4f66bcef50b22d459	4d920d8e35389620ee1ce0b4f66bcef50b22d459	MATCH	2	https://api.github.com/repos/GettysburgResearch/riemann/git/matching-refs/pull/55	2026-09-05T17:50:28.927990+00:00	NO_HEAD_DELTA_AT_OBSERVATION	historical scope retained; no new scientific acceptance
555	341697b4694ba7f44f2ba2be73cb3fc982939412	341697b4694ba7f44f2ba2be73cb3fc982939412	MATCH	2	https://api.github.com/repos/GettysburgResearch/riemann/git/matching-refs/pull/55	2026-09-05T17:50:28.927992+00:00	NO_HEAD_DELTA_AT_OBSERVATION	historical scope retained; no new scientific acceptance
556	a4feca0457d310c72054f274040f93b0503f658b	a4feca0457d310c72054f274040f93b0503f658b	MATCH	2	https://api.github.com/repos/GettysburgResearch/riemann/git/matching-refs/pull/55	2026-09-05T17:50:28.927996+00:00	NO_HEAD_DELTA_AT_OBSERVATION	historical scope retained; no new scientific acceptance
557	d11b08938c4db6a6192e96c564a7818cffc77100	d11b08938c4db6a6192e96c564a7818cffc77100	MATCH	2	https://api.github.com/repos/GettysburgResearch/riemann/git/matching-refs/pull/55	2026-09-05T17:50:28.928000+00:00	NO_HEAD_DELTA_AT_OBSERVATION	historical scope retained; no new scientific acceptance
558	b1b8d5548365216a5f9a642d3005835f5a1f3dd2	b1b8d5548365216a5f9a642d3005835f5a1f3dd2	MATCH	2	https://api.github.com/repos/GettysburgResearch/riemann/git/matching-refs/pull/55	2026-09-05T17:50:28.928002+00:00	NO_HEAD_DELTA_AT_OBSERVATION	historical scope retained; no new scientific acceptance
559	88d97adef8a42c5baf2f52c2c259a4ef536bdfdd	88d97adef8a42c5baf2f52c2c259a4ef536bdfdd	MATCH	2	https://api.github.com/repos/GettysburgResearch/riemann/git/matching-refs/pull/55	2026-09-05T17:50:28.928005+00:00	NO_HEAD_DELTA_AT_OBSERVATION	historical scope retained; no new scientific acceptance
560	96b86c8f432fc7d4f38e038b7c1cb53f5d7e99e3	96b86c8f432fc7d4f38e038b7c1cb53f5d7e99e3	MATCH	2	https://api.github.com/repos/GettysburgResearch/riemann/git/matching-refs/pull/56	2026-09-05T17:50:29.502943+00:00	NO_HEAD_DELTA_AT_OBSERVATION	historical scope retained; no new scientific acceptance
561	db9bdc63c855c6ddf664b763d748f8155a6a2c67	db9bdc63c855c6ddf664b763d748f8155a6a2c67	MATCH	2	https://api.github.com/repos/GettysburgResearch/riemann/git/matching-refs/pull/56	2026-09-05T17:50:29.502963+00:00	NO_HEAD_DELTA_AT_OBSERVATION	historical scope retained; no new scientific acceptance
562	9537096f498c7ee0ca2141394f43f0a2f704cce4	9537096f498c7ee0ca2141394f43f0a2f704cce4	MATCH	2	https://api.github.com/repos/GettysburgResearch/riemann/git/matching-refs/pull/56	2026-09-05T17:50:29.502968+00:00	NO_HEAD_DELTA_AT_OBSERVATION	historical scope retained; no new scientific acceptance
563	c4cc65cccb3f13a6499506cf3c26bd521c455864	c4cc65cccb3f13a6499506cf3c26bd521c455864	MATCH	2	https://api.github.com/repos/GettysburgResearch/riemann/git/matching-refs/pull/56	2026-09-05T17:50:29.502971+00:00	NO_HEAD_DELTA_AT_OBSERVATION	historical scope retained; no new scientific acceptance
564	c74fe9bd7fd284718f4dcef8328af07e553d9d90	c74fe9bd7fd284718f4dcef8328af07e553d9d90	MATCH	2	https://api.github.com/repos/GettysburgResearch/riemann/git/matching-refs/pull/56	2026-09-05T17:50:29.502974+00:00	NO_HEAD_DELTA_AT_OBSERVATION	historical scope retained; no new scientific acceptance
565	339e3367660f40c74795802a6f8170b15e19b13a	339e3367660f40c74795802a6f8170b15e19b13a	MATCH	2	https://api.github.com/repos/GettysburgResearch/riemann/git/matching-refs/pull/56	2026-09-05T17:50:29.502977+00:00	NO_HEAD_DELTA_AT_OBSERVATION	historical scope retained; no new scientific acceptance
566	2407b4ffe5024a2e3898922cf0b722d5cf69e496	2407b4ffe5024a2e3898922cf0b722d5cf69e496	MATCH	2	https://api.github.com/repos/GettysburgResearch/riemann/git/matching-refs/pull/56	2026-09-05T17:50:29.502980+00:00	NO_HEAD_DELTA_AT_OBSERVATION	historical scope retained; no new scientific acceptance
567	50e596560b4f6f423e87fd6718d74913d863df99	50e596560b4f6f423e87fd6718d74913d863df99	MATCH	2	https://api.github.com/repos/GettysburgResearch/riemann/git/matching-refs/pull/56	2026-09-05T17:50:29.502983+00:00	NO_HEAD_DELTA_AT_OBSERVATION	historical scope retained; no new scientific acceptance
568	085d046905bfd32a5725632650039e58bb7fc1f7	3a70470e3a8bbd60e0b7387ea46fd391cfb1d2e2	DIFFERENT	2	https://api.github.com/repos/GettysburgResearch/riemann/git/matching-refs/pull/56	2026-09-05T17:50:29.502985+00:00	COMMENTS_LOOP_KEY_AND_JSON_FORMATTING	pending integrator reconciliation
569	739ab0d9ab4975829dbed780670b1a4a56ca672e	739ab0d9ab4975829dbed780670b1a4a56ca672e	MATCH	2	https://api.github.com/repos/GettysburgResearch/riemann/git/matching-refs/pull/56	2026-09-05T17:50:29.502987+00:00	NO_HEAD_DELTA_AT_OBSERVATION	historical scope retained; no new scientific acceptance
570	992404909d6c2940ae8ae849633fe5530ed79db0	992404909d6c2940ae8ae849633fe5530ed79db0	MATCH	2	https://api.github.com/repos/GettysburgResearch/riemann/git/matching-refs/pull/57	2026-09-05T17:52:52.482955+00:00	NO_HEAD_DELTA_AT_OBSERVATION	historical scope retained; no new scientific acceptance
571	804a00a71b7a1972296ae49da24bfb6b5c1a7603	804a00a71b7a1972296ae49da24bfb6b5c1a7603	MATCH	2	https://api.github.com/repos/GettysburgResearch/riemann/git/matching-refs/pull/57	2026-09-05T17:52:52.482976+00:00	NO_HEAD_DELTA_AT_OBSERVATION	historical scope retained; no new scientific acceptance
572	7059d335312eb3416308d3896263c0cd8d97c3aa	7059d335312eb3416308d3896263c0cd8d97c3aa	MATCH	2	https://api.github.com/repos/GettysburgResearch/riemann/git/matching-refs/pull/57	2026-09-05T17:52:52.482980+00:00	NO_HEAD_DELTA_AT_OBSERVATION	historical scope retained; no new scientific acceptance
573	0865242eb9dc0ed6094afc8a87a52b974c6f1307	0865242eb9dc0ed6094afc8a87a52b974c6f1307	MATCH	2	https://api.github.com/repos/GettysburgResearch/riemann/git/matching-refs/pull/57	2026-09-05T17:52:52.482983+00:00	NO_HEAD_DELTA_AT_OBSERVATION	historical scope retained; no new scientific acceptance
574	74fba7f3e55fa9a53d1eb814e5067f5011ef5e86	74fba7f3e55fa9a53d1eb814e5067f5011ef5e86	MATCH	2	https://api.github.com/repos/GettysburgResearch/riemann/git/matching-refs/pull/57	2026-09-05T17:52:52.482986+00:00	NO_HEAD_DELTA_AT_OBSERVATION	historical scope retained; no new scientific acceptance
575	265c481ebd02807ab7d9a95cb0cf905a22c1876f	265c481ebd02807ab7d9a95cb0cf905a22c1876f	MATCH	2	https://api.github.com/repos/GettysburgResearch/riemann/git/matching-refs/pull/57	2026-09-05T17:52:52.482988+00:00	NO_HEAD_DELTA_AT_OBSERVATION	historical scope retained; no new scientific acceptance
576	0f6ea6eae813c1d867ae50744cf5fd57e2720bb7	0f6ea6eae813c1d867ae50744cf5fd57e2720bb7	MATCH	2	https://api.github.com/repos/GettysburgResearch/riemann/git/matching-refs/pull/57	2026-09-05T17:52:52.482991+00:00	NO_HEAD_DELTA_AT_OBSERVATION	historical scope retained; no new scientific acceptance
577	ae85922195c12a29944e624337bae2167091929b	ae85922195c12a29944e624337bae2167091929b	MATCH	2	https://api.github.com/repos/GettysburgResearch/riemann/git/matching-refs/pull/57	2026-09-05T17:52:52.482993+00:00	NO_HEAD_DELTA_AT_OBSERVATION	historical scope retained; no new scientific acceptance
578	981bfef5fcfa3a39ccf4f50875cf8a6057650268	981bfef5fcfa3a39ccf4f50875cf8a6057650268	MATCH	2	https://api.github.com/repos/GettysburgResearch/riemann/git/matching-refs/pull/57	2026-09-05T17:52:52.482995+00:00	NO_HEAD_DELTA_AT_OBSERVATION	historical scope retained; no new scientific acceptance
579	9f56688236d33c515a92032c640888488c06ed6e	9f56688236d33c515a92032c640888488c06ed6e	MATCH	2	https://api.github.com/repos/GettysburgResearch/riemann/git/matching-refs/pull/57	2026-09-05T17:52:52.483000+00:00	NO_HEAD_DELTA_AT_OBSERVATION	historical scope retained; no new scientific acceptance
580	812e7fcbaff2dd1c2c53c885def7b6c0d0e68a05	812e7fcbaff2dd1c2c53c885def7b6c0d0e68a05	MATCH	2	https://api.github.com/repos/GettysburgResearch/riemann/git/matching-refs/pull/58	2026-09-05T17:52:53.074469+00:00	NO_HEAD_DELTA_AT_OBSERVATION	historical scope retained; no new scientific acceptance
581	62aaa54ac49f0aa89fd58f14a539cc53089f884c	62aaa54ac49f0aa89fd58f14a539cc53089f884c	MATCH	2	https://api.github.com/repos/GettysburgResearch/riemann/git/matching-refs/pull/58	2026-09-05T17:52:53.074488+00:00	NO_HEAD_DELTA_AT_OBSERVATION	historical scope retained; no new scientific acceptance
582	699f9f119a66823702e96fba95cc8b14b8251c60	699f9f119a66823702e96fba95cc8b14b8251c60	MATCH	2	https://api.github.com/repos/GettysburgResearch/riemann/git/matching-refs/pull/58	2026-09-05T17:52:53.074494+00:00	NO_HEAD_DELTA_AT_OBSERVATION	historical scope retained; no new scientific acceptance
583	ecaf57df108d5b3fccc4519dee7a0356c5eea143	ecaf57df108d5b3fccc4519dee7a0356c5eea143	MATCH	2	https://api.github.com/repos/GettysburgResearch/riemann/git/matching-refs/pull/58	2026-09-05T17:52:53.074497+00:00	NO_HEAD_DELTA_AT_OBSERVATION	historical scope retained; no new scientific acceptance
584	e919c6afd1e95fffa505f7ba3f532cb12b8c410c	e919c6afd1e95fffa505f7ba3f532cb12b8c410c	MATCH	2	https://api.github.com/repos/GettysburgResearch/riemann/git/matching-refs/pull/58	2026-09-05T17:52:53.074500+00:00	NO_HEAD_DELTA_AT_OBSERVATION	historical scope retained; no new scientific acceptance
585	41cd1eda7408cd5997fea5284601aee4c0dbbc56	41cd1eda7408cd5997fea5284601aee4c0dbbc56	MATCH	2	https://api.github.com/repos/GettysburgResearch/riemann/git/matching-refs/pull/58	2026-09-05T17:52:53.074502+00:00	NO_HEAD_DELTA_AT_OBSERVATION	historical scope retained; no new scientific acceptance
586	70e74f38c1137bd987d1a706f7a9aa907f284e9a	70e74f38c1137bd987d1a706f7a9aa907f284e9a	MATCH	2	https://api.github.com/repos/GettysburgResearch/riemann/git/matching-refs/pull/58	2026-09-05T17:52:53.074505+00:00	NO_HEAD_DELTA_AT_OBSERVATION	historical scope retained; no new scientific acceptance
587	8a0f074c5b96600b461fdd6e23b47ee2162c4a70	8a0f074c5b96600b461fdd6e23b47ee2162c4a70	MATCH	2	https://api.github.com/repos/GettysburgResearch/riemann/git/matching-refs/pull/58	2026-09-05T17:52:53.074507+00:00	NO_HEAD_DELTA_AT_OBSERVATION	historical scope retained; no new scientific acceptance
588	689f7c0d46c990b45b3b81a1e31b5a00b6d71aaf	689f7c0d46c990b45b3b81a1e31b5a00b6d71aaf	MATCH	2	https://api.github.com/repos/GettysburgResearch/riemann/git/matching-refs/pull/58	2026-09-05T17:52:53.074509+00:00	NO_HEAD_DELTA_AT_OBSERVATION	historical scope retained; no new scientific acceptance
589	ff5156cf6aa469bb7a2155ff4aa7c094bd75b9b6	ff5156cf6aa469bb7a2155ff4aa7c094bd75b9b6	MATCH	2	https://api.github.com/repos/GettysburgResearch/riemann/git/matching-refs/pull/58	2026-09-05T17:52:53.074512+00:00	NO_HEAD_DELTA_AT_OBSERVATION	historical scope retained; no new scientific acceptance
590	4f1283c67f0d4a4b504badd4c4113ba227521162	4f1283c67f0d4a4b504badd4c4113ba227521162	MATCH	2	https://api.github.com/repos/GettysburgResearch/riemann/git/matching-refs/pull/59	2026-09-05T17:53:27.015978+00:00	NO_HEAD_DELTA_AT_OBSERVATION	historical scope retained; no new scientific acceptance
591	5c43060fd11e6a3f5d090ee4c74e4a48ca2eb111	5c43060fd11e6a3f5d090ee4c74e4a48ca2eb111	MATCH	2	https://api.github.com/repos/GettysburgResearch/riemann/git/matching-refs/pull/59	2026-09-05T17:53:27.015998+00:00	NO_HEAD_DELTA_AT_OBSERVATION	historical scope retained; no new scientific acceptance
592	05aae4135d21301a79b16abb2dda95535e0be77c	05aae4135d21301a79b16abb2dda95535e0be77c	MATCH	2	https://api.github.com/repos/GettysburgResearch/riemann/git/matching-refs/pull/59	2026-09-05T17:53:27.016002+00:00	NO_HEAD_DELTA_AT_OBSERVATION	historical scope retained; no new scientific acceptance
593	ef5ef2d57540c43afb3749861a1dc96ff7e55b13	ef5ef2d57540c43afb3749861a1dc96ff7e55b13	MATCH	2	https://api.github.com/repos/GettysburgResearch/riemann/git/matching-refs/pull/59	2026-09-05T17:53:27.016005+00:00	NO_HEAD_DELTA_AT_OBSERVATION	historical scope retained; no new scientific acceptance
594	ef76157a516c520a0f829ea4ee346c62759743ed	ef76157a516c520a0f829ea4ee346c62759743ed	MATCH	2	https://api.github.com/repos/GettysburgResearch/riemann/git/matching-refs/pull/59	2026-09-05T17:53:27.016007+00:00	NO_HEAD_DELTA_AT_OBSERVATION	historical scope retained; no new scientific acceptance
595	e66a91166b80cbf0a520e3a78ea96582d263d563	e66a91166b80cbf0a520e3a78ea96582d263d563	MATCH	2	https://api.github.com/repos/GettysburgResearch/riemann/git/matching-refs/pull/59	2026-09-05T17:53:27.016010+00:00	NO_HEAD_DELTA_AT_OBSERVATION	historical scope retained; no new scientific acceptance
596	40bfd7e70521f4205e95d3960812a6cef6073c05	40bfd7e70521f4205e95d3960812a6cef6073c05	MATCH	2	https://api.github.com/repos/GettysburgResearch/riemann/git/matching-refs/pull/59	2026-09-05T17:53:27.016012+00:00	NO_HEAD_DELTA_AT_OBSERVATION	historical scope retained; no new scientific acceptance
597	5478ead5fc82e1730cb1fe53965663d608a851b3	5478ead5fc82e1730cb1fe53965663d608a851b3	MATCH	2	https://api.github.com/repos/GettysburgResearch/riemann/git/matching-refs/pull/59	2026-09-05T17:53:27.016014+00:00	NO_HEAD_DELTA_AT_OBSERVATION	historical scope retained; no new scientific acceptance
598	e20128ef4a59607446451f93f3f8daeebe665517	e20128ef4a59607446451f93f3f8daeebe665517	MATCH	2	https://api.github.com/repos/GettysburgResearch/riemann/git/matching-refs/pull/59	2026-09-05T17:53:27.016018+00:00	NO_HEAD_DELTA_AT_OBSERVATION	historical scope retained; no new scientific acceptance
599	223f11259b3e7134f78d6492795e6e94caca8be3	8daa0a5d94de56c68a1ce710824b26cacc1a9bbc	DIFFERENT	2	https://api.github.com/repos/GettysburgResearch/riemann/git/matching-refs/pull/59	2026-09-05T17:53:27.016021+00:00	CLAIMS_REPLAY_AND_PUBLICATION_ADDITIONS	pending integrator reconciliation
600	193ca24d4ebecabb2c51efb62fa16c37947ad90c	193ca24d4ebecabb2c51efb62fa16c37947ad90c	MATCH	2	https://api.github.com/repos/GettysburgResearch/riemann/git/matching-refs/pull/60	2026-09-05T17:53:27.602892+00:00	NO_HEAD_DELTA_AT_OBSERVATION	historical scope retained; no new scientific acceptance
601	2095206c4759deac7edffbc0ecc9e30fcc453908	2095206c4759deac7edffbc0ecc9e30fcc453908	MATCH	2	https://api.github.com/repos/GettysburgResearch/riemann/git/matching-refs/pull/60	2026-09-05T17:53:27.602914+00:00	NO_HEAD_DELTA_AT_OBSERVATION	historical scope retained; no new scientific acceptance
602	470b5ba529e76f79983e29ed9eebc80454088f0d	470b5ba529e76f79983e29ed9eebc80454088f0d	MATCH	2	https://api.github.com/repos/GettysburgResearch/riemann/git/matching-refs/pull/60	2026-09-05T17:53:27.602918+00:00	NO_HEAD_DELTA_AT_OBSERVATION	historical scope retained; no new scientific acceptance
603	1dac3eeccb5a01183067c00722d92fbcf2df12c5	1dac3eeccb5a01183067c00722d92fbcf2df12c5	MATCH	2	https://api.github.com/repos/GettysburgResearch/riemann/git/matching-refs/pull/60	2026-09-05T17:53:27.602921+00:00	NO_HEAD_DELTA_AT_OBSERVATION	historical scope retained; no new scientific acceptance
604	24212c02fab728bb6c419ed8f5a2429fdce07397	24212c02fab728bb6c419ed8f5a2429fdce07397	MATCH	2	https://api.github.com/repos/GettysburgResearch/riemann/git/matching-refs/pull/60	2026-09-05T17:53:27.602924+00:00	NO_HEAD_DELTA_AT_OBSERVATION	historical scope retained; no new scientific acceptance
605	479445d8a08ca253ac58da8aff1677ffc6427ef7	479445d8a08ca253ac58da8aff1677ffc6427ef7	MATCH	2	https://api.github.com/repos/GettysburgResearch/riemann/git/matching-refs/pull/60	2026-09-05T17:53:27.602926+00:00	NO_HEAD_DELTA_AT_OBSERVATION	historical scope retained; no new scientific acceptance
606	327c0967c67e7efa08fcb62937ca1730f8c24069	327c0967c67e7efa08fcb62937ca1730f8c24069	MATCH	2	https://api.github.com/repos/GettysburgResearch/riemann/git/matching-refs/pull/60	2026-09-05T17:53:27.602928+00:00	NO_HEAD_DELTA_AT_OBSERVATION	historical scope retained; no new scientific acceptance
607	a28f8e5b8c90e3aef30e97053ed42e9ddde9c665	a28f8e5b8c90e3aef30e97053ed42e9ddde9c665	MATCH	2	https://api.github.com/repos/GettysburgResearch/riemann/git/matching-refs/pull/60	2026-09-05T17:53:27.602931+00:00	NO_HEAD_DELTA_AT_OBSERVATION	historical scope retained; no new scientific acceptance
608	f362acf56bbbbd183976b6377fbe883193886e1a	f362acf56bbbbd183976b6377fbe883193886e1a	MATCH	2	https://api.github.com/repos/GettysburgResearch/riemann/git/matching-refs/pull/60	2026-09-05T17:53:27.602933+00:00	NO_HEAD_DELTA_AT_OBSERVATION	historical scope retained; no new scientific acceptance
609	83fe7fa6a9cd5f51cc2c6c93662e88a6e5b96d88	83fe7fa6a9cd5f51cc2c6c93662e88a6e5b96d88	MATCH	2	https://api.github.com/repos/GettysburgResearch/riemann/git/matching-refs/pull/60	2026-09-05T17:53:27.602936+00:00	NO_HEAD_DELTA_AT_OBSERVATION	historical scope retained; no new scientific acceptance
610	edf28c9ad14ccbf5b18b9ced45f3c2fc4ce8221d	edf28c9ad14ccbf5b18b9ced45f3c2fc4ce8221d	MATCH	2	https://api.github.com/repos/GettysburgResearch/riemann/git/matching-refs/pull/61	2026-09-05T17:53:59.017046+00:00	NO_HEAD_DELTA_AT_OBSERVATION	historical scope retained; no new scientific acceptance
611	9d0b0521e5ace8c96df63a85a68f60a789b09923	9d0b0521e5ace8c96df63a85a68f60a789b09923	MATCH	2	https://api.github.com/repos/GettysburgResearch/riemann/git/matching-refs/pull/61	2026-09-05T17:53:59.017065+00:00	NO_HEAD_DELTA_AT_OBSERVATION	historical scope retained; no new scientific acceptance
612	8eeb34ff0889b7c8ad9165eb4bd828c9b0043a75	8eeb34ff0889b7c8ad9165eb4bd828c9b0043a75	MATCH	2	https://api.github.com/repos/GettysburgResearch/riemann/git/matching-refs/pull/61	2026-09-05T17:53:59.017070+00:00	NO_HEAD_DELTA_AT_OBSERVATION	historical scope retained; no new scientific acceptance
613	6809d8509f031f7f783ef20e2250ff2735e32924	6809d8509f031f7f783ef20e2250ff2735e32924	MATCH	2	https://api.github.com/repos/GettysburgResearch/riemann/git/matching-refs/pull/61	2026-09-05T17:53:59.017073+00:00	NO_HEAD_DELTA_AT_OBSERVATION	historical scope retained; no new scientific acceptance
614	d5b94d7dd8e341dca73c2b5ff899a9adf2d1585f	d5b94d7dd8e341dca73c2b5ff899a9adf2d1585f	MATCH	2	https://api.github.com/repos/GettysburgResearch/riemann/git/matching-refs/pull/61	2026-09-05T17:53:59.017077+00:00	NO_HEAD_DELTA_AT_OBSERVATION	historical scope retained; no new scientific acceptance
615	eb129ebea953def33a92fb5e7355d4e79cb53171	eb129ebea953def33a92fb5e7355d4e79cb53171	MATCH	2	https://api.github.com/repos/GettysburgResearch/riemann/git/matching-refs/pull/61	2026-09-05T17:53:59.017080+00:00	NO_HEAD_DELTA_AT_OBSERVATION	historical scope retained; no new scientific acceptance
616	96fc68493b4d4466459620c4603fb0f561784da3	96fc68493b4d4466459620c4603fb0f561784da3	MATCH	2	https://api.github.com/repos/GettysburgResearch/riemann/git/matching-refs/pull/61	2026-09-05T17:53:59.017082+00:00	NO_HEAD_DELTA_AT_OBSERVATION	historical scope retained; no new scientific acceptance
617	c3d12f4d236e2c9ff8f5a0f204bd6eb04946c521	c3d12f4d236e2c9ff8f5a0f204bd6eb04946c521	MATCH	2	https://api.github.com/repos/GettysburgResearch/riemann/git/matching-refs/pull/61	2026-09-05T17:53:59.017085+00:00	NO_HEAD_DELTA_AT_OBSERVATION	historical scope retained; no new scientific acceptance
618	2dfa73325a6402418fc64b9e554c1b13dd2b9bf1	2dfa73325a6402418fc64b9e554c1b13dd2b9bf1	MATCH	2	https://api.github.com/repos/GettysburgResearch/riemann/git/matching-refs/pull/61	2026-09-05T17:53:59.017089+00:00	NO_HEAD_DELTA_AT_OBSERVATION	historical scope retained; no new scientific acceptance
619	0f91f43908493866c9fd5130d2a7bd4645b4a51f	0f91f43908493866c9fd5130d2a7bd4645b4a51f	MATCH	2	https://api.github.com/repos/GettysburgResearch/riemann/git/matching-refs/pull/61	2026-09-05T17:53:59.017091+00:00	NO_HEAD_DELTA_AT_OBSERVATION	historical scope retained; no new scientific acceptance
620	493e12fcba3f9b98dda7c3595bff73b256e00ca4	493e12fcba3f9b98dda7c3595bff73b256e00ca4	MATCH	2	https://api.github.com/repos/GettysburgResearch/riemann/git/matching-refs/pull/62	2026-09-05T17:53:59.602192+00:00	NO_HEAD_DELTA_AT_OBSERVATION	historical scope retained; no new scientific acceptance
621	46afb6e15eef95c9268eff1791a7135b9783a2b2	46afb6e15eef95c9268eff1791a7135b9783a2b2	MATCH	2	https://api.github.com/repos/GettysburgResearch/riemann/git/matching-refs/pull/62	2026-09-05T17:53:59.602212+00:00	NO_HEAD_DELTA_AT_OBSERVATION	historical scope retained; no new scientific acceptance
622	9d70d2b8bd932d1775600dd5e95f501324eae72b	9d70d2b8bd932d1775600dd5e95f501324eae72b	MATCH	2	https://api.github.com/repos/GettysburgResearch/riemann/git/matching-refs/pull/62	2026-09-05T17:53:59.602216+00:00	NO_HEAD_DELTA_AT_OBSERVATION	historical scope retained; no new scientific acceptance
623	712412e286cc309bbe9960ee839df158316df9e5	712412e286cc309bbe9960ee839df158316df9e5	MATCH	2	https://api.github.com/repos/GettysburgResearch/riemann/git/matching-refs/pull/62	2026-09-05T17:53:59.602219+00:00	NO_HEAD_DELTA_AT_OBSERVATION	historical scope retained; no new scientific acceptance
624	0fa032faedc0fa9a47a87c41a69c0db141b1dea2	0fa032faedc0fa9a47a87c41a69c0db141b1dea2	MATCH	2	https://api.github.com/repos/GettysburgResearch/riemann/git/matching-refs/pull/62	2026-09-05T17:53:59.602222+00:00	NO_HEAD_DELTA_AT_OBSERVATION	historical scope retained; no new scientific acceptance
625	b7164582c458b53aeefecf7d4044984c9fa4686a	b7164582c458b53aeefecf7d4044984c9fa4686a	MATCH	2	https://api.github.com/repos/GettysburgResearch/riemann/git/matching-refs/pull/62	2026-09-05T17:53:59.602226+00:00	NO_HEAD_DELTA_AT_OBSERVATION	historical scope retained; no new scientific acceptance
626	bd98c59b60c0aeafe1e5c251694d233e4915d3fa	bd98c59b60c0aeafe1e5c251694d233e4915d3fa	MATCH	2	https://api.github.com/repos/GettysburgResearch/riemann/git/matching-refs/pull/62	2026-09-05T17:53:59.602228+00:00	NO_HEAD_DELTA_AT_OBSERVATION	historical scope retained; no new scientific acceptance
627	a5f65e25835ffb791003214eb6598c157b47533e	a5f65e25835ffb791003214eb6598c157b47533e	MATCH	2	https://api.github.com/repos/GettysburgResearch/riemann/git/matching-refs/pull/62	2026-09-05T17:53:59.602231+00:00	NO_HEAD_DELTA_AT_OBSERVATION	historical scope retained; no new scientific acceptance
628	1c21389c7442f81b6bd99649e08177eebc667abc	1c21389c7442f81b6bd99649e08177eebc667abc	MATCH	2	https://api.github.com/repos/GettysburgResearch/riemann/git/matching-refs/pull/62	2026-09-05T17:53:59.602233+00:00	NO_HEAD_DELTA_AT_OBSERVATION	historical scope retained; no new scientific acceptance
629	50ef8bffe18d7d197a15ef479df265c7345399bf	50ef8bffe18d7d197a15ef479df265c7345399bf	MATCH	2	https://api.github.com/repos/GettysburgResearch/riemann/git/matching-refs/pull/62	2026-09-05T17:53:59.602237+00:00	NO_HEAD_DELTA_AT_OBSERVATION	historical scope retained; no new scientific acceptance
630	bec6ec52ff94e0439fa6a4615c4641f7714d1d54	bec6ec52ff94e0439fa6a4615c4641f7714d1d54	MATCH	2	https://api.github.com/repos/GettysburgResearch/riemann/git/matching-refs/pull/63	2026-09-05T17:54:40.428633+00:00	NO_HEAD_DELTA_AT_OBSERVATION	historical scope retained; no new scientific acceptance
631	fe265f3a09f7511a8be5fba7d83348b8d269b8bf	fe265f3a09f7511a8be5fba7d83348b8d269b8bf	MATCH	2	https://api.github.com/repos/GettysburgResearch/riemann/git/matching-refs/pull/63	2026-09-05T17:54:40.428684+00:00	NO_HEAD_DELTA_AT_OBSERVATION	historical scope retained; no new scientific acceptance
632	3b19ccb6b910e20027d3df894c69f5e108b23de3	3b19ccb6b910e20027d3df894c69f5e108b23de3	MATCH	2	https://api.github.com/repos/GettysburgResearch/riemann/git/matching-refs/pull/63	2026-09-05T17:54:40.428688+00:00	NO_HEAD_DELTA_AT_OBSERVATION	historical scope retained; no new scientific acceptance
633	60f05fa6daba1674752cfa9a26ebc5cae7d037a4	60f05fa6daba1674752cfa9a26ebc5cae7d037a4	MATCH	2	https://api.github.com/repos/GettysburgResearch/riemann/git/matching-refs/pull/63	2026-09-05T17:54:40.428691+00:00	NO_HEAD_DELTA_AT_OBSERVATION	historical scope retained; no new scientific acceptance
634	a4308ebe39d8036ccc33fbd776c3603a8cdda267	a4308ebe39d8036ccc33fbd776c3603a8cdda267	MATCH	2	https://api.github.com/repos/GettysburgResearch/riemann/git/matching-refs/pull/63	2026-09-05T17:54:40.428694+00:00	NO_HEAD_DELTA_AT_OBSERVATION	historical scope retained; no new scientific acceptance
635	b8d4772b5cab0655b3edf68864df6d925c76b5ba	b8d4772b5cab0655b3edf68864df6d925c76b5ba	MATCH	2	https://api.github.com/repos/GettysburgResearch/riemann/git/matching-refs/pull/63	2026-09-05T17:54:40.428697+00:00	NO_HEAD_DELTA_AT_OBSERVATION	historical scope retained; no new scientific acceptance
636	387f775f95d5e21e01c3fb39d91acc5b67f62b02	387f775f95d5e21e01c3fb39d91acc5b67f62b02	MATCH	2	https://api.github.com/repos/GettysburgResearch/riemann/git/matching-refs/pull/63	2026-09-05T17:54:40.428699+00:00	NO_HEAD_DELTA_AT_OBSERVATION	historical scope retained; no new scientific acceptance
637	30eef117a9584ebc1698efa59706f096e43610e3	30eef117a9584ebc1698efa59706f096e43610e3	MATCH	2	https://api.github.com/repos/GettysburgResearch/riemann/git/matching-refs/pull/63	2026-09-05T17:54:40.428702+00:00	NO_HEAD_DELTA_AT_OBSERVATION	historical scope retained; no new scientific acceptance
638	73ee57ccc684f4062769a6d1c0456b3ef6318db2	73ee57ccc684f4062769a6d1c0456b3ef6318db2	MATCH	2	https://api.github.com/repos/GettysburgResearch/riemann/git/matching-refs/pull/63	2026-09-05T17:54:40.428704+00:00	NO_HEAD_DELTA_AT_OBSERVATION	historical scope retained; no new scientific acceptance
639	e59b21d26c8d953e25f1492e16b86cbe72a01677	e59b21d26c8d953e25f1492e16b86cbe72a01677	MATCH	2	https://api.github.com/repos/GettysburgResearch/riemann/git/matching-refs/pull/63	2026-09-05T17:54:40.428706+00:00	NO_HEAD_DELTA_AT_OBSERVATION	historical scope retained; no new scientific acceptance
640	026e599a169c1c695ebd156030fbfca98ef921cb	026e599a169c1c695ebd156030fbfca98ef921cb	MATCH	2	https://api.github.com/repos/GettysburgResearch/riemann/git/matching-refs/pull/64	2026-09-05T17:54:41.036812+00:00	NO_HEAD_DELTA_AT_OBSERVATION	historical scope retained; no new scientific acceptance
641	19cd3939a54ccea73b055b3952b5dd7ed638c4fb	19cd3939a54ccea73b055b3952b5dd7ed638c4fb	MATCH	2	https://api.github.com/repos/GettysburgResearch/riemann/git/matching-refs/pull/64	2026-09-05T17:54:41.036832+00:00	NO_HEAD_DELTA_AT_OBSERVATION	historical scope retained; no new scientific acceptance
642	07aa0d4838458a1b2d3af9e5bc96616baa6b4767	07aa0d4838458a1b2d3af9e5bc96616baa6b4767	MATCH	2	https://api.github.com/repos/GettysburgResearch/riemann/git/matching-refs/pull/64	2026-09-05T17:54:41.036837+00:00	NO_HEAD_DELTA_AT_OBSERVATION	historical scope retained; no new scientific acceptance
643	65f9e6eec1c69c08c95f1dc30645cc27be31ae71	65f9e6eec1c69c08c95f1dc30645cc27be31ae71	MATCH	2	https://api.github.com/repos/GettysburgResearch/riemann/git/matching-refs/pull/64	2026-09-05T17:54:41.036840+00:00	NO_HEAD_DELTA_AT_OBSERVATION	historical scope retained; no new scientific acceptance
644	cf6a7f702aab5acad8f2acac7654a72cb73d396b	cf6a7f702aab5acad8f2acac7654a72cb73d396b	MATCH	2	https://api.github.com/repos/GettysburgResearch/riemann/git/matching-refs/pull/64	2026-09-05T17:54:41.036843+00:00	NO_HEAD_DELTA_AT_OBSERVATION	historical scope retained; no new scientific acceptance
645	267058b22e7de5b8f97ba2da6c544e991fdb1d91	267058b22e7de5b8f97ba2da6c544e991fdb1d91	MATCH	2	https://api.github.com/repos/GettysburgResearch/riemann/git/matching-refs/pull/64	2026-09-05T17:54:41.036847+00:00	NO_HEAD_DELTA_AT_OBSERVATION	historical scope retained; no new scientific acceptance
646	289f774a304266ba396949995e2ccec0ce72a35c	289f774a304266ba396949995e2ccec0ce72a35c	MATCH	2	https://api.github.com/repos/GettysburgResearch/riemann/git/matching-refs/pull/64	2026-09-05T17:54:41.036849+00:00	NO_HEAD_DELTA_AT_OBSERVATION	historical scope retained; no new scientific acceptance
647	306d1c66fe4e848efda0bd78b5475aeeed3d5563	306d1c66fe4e848efda0bd78b5475aeeed3d5563	MATCH	2	https://api.github.com/repos/GettysburgResearch/riemann/git/matching-refs/pull/64	2026-09-05T17:54:41.036852+00:00	NO_HEAD_DELTA_AT_OBSERVATION	historical scope retained; no new scientific acceptance
648	49be6640ae2714d1f907a6117c4a6d2aaa9f2f11	49be6640ae2714d1f907a6117c4a6d2aaa9f2f11	MATCH	2	https://api.github.com/repos/GettysburgResearch/riemann/git/matching-refs/pull/64	2026-09-05T17:54:41.036855+00:00	NO_HEAD_DELTA_AT_OBSERVATION	historical scope retained; no new scientific acceptance
649	433fd3662f7b2e4ba384ce64f196380e88624090	433fd3662f7b2e4ba384ce64f196380e88624090	MATCH	2	https://api.github.com/repos/GettysburgResearch/riemann/git/matching-refs/pull/64	2026-09-05T17:54:41.036857+00:00	NO_HEAD_DELTA_AT_OBSERVATION	historical scope retained; no new scientific acceptance
650	3f9e80f09fe1f595927ea7dce6fb49ac68c5c21b	3f9e80f09fe1f595927ea7dce6fb49ac68c5c21b	MATCH	2	https://api.github.com/repos/GettysburgResearch/riemann/git/matching-refs/pull/65	2026-09-05T17:55:21.262786+00:00	NO_HEAD_DELTA_AT_OBSERVATION	historical scope retained; no new scientific acceptance
651	2d05ca3937df7021d33f92dd947486f6b2b13382	2d05ca3937df7021d33f92dd947486f6b2b13382	MATCH	2	https://api.github.com/repos/GettysburgResearch/riemann/git/matching-refs/pull/65	2026-09-05T17:55:21.262805+00:00	NO_HEAD_DELTA_AT_OBSERVATION	historical scope retained; no new scientific acceptance
652	24ab64551225f2dba9aa53a533eb9b0285c6e363	24ab64551225f2dba9aa53a533eb9b0285c6e363	MATCH	2	https://api.github.com/repos/GettysburgResearch/riemann/git/matching-refs/pull/65	2026-09-05T17:55:21.262810+00:00	NO_HEAD_DELTA_AT_OBSERVATION	historical scope retained; no new scientific acceptance
653	e928fd615d753882706bb88c51b717bd8d4a86ba	e928fd615d753882706bb88c51b717bd8d4a86ba	MATCH	2	https://api.github.com/repos/GettysburgResearch/riemann/git/matching-refs/pull/65	2026-09-05T17:55:21.262813+00:00	NO_HEAD_DELTA_AT_OBSERVATION	historical scope retained; no new scientific acceptance
654	a21821a7ec568bbdb5e17479e04369cd6452647c	a21821a7ec568bbdb5e17479e04369cd6452647c	MATCH	2	https://api.github.com/repos/GettysburgResearch/riemann/git/matching-refs/pull/65	2026-09-05T17:55:21.262816+00:00	NO_HEAD_DELTA_AT_OBSERVATION	historical scope retained; no new scientific acceptance
655	7946f2979a69392e5275be90f023dfb34009d4d9	7946f2979a69392e5275be90f023dfb34009d4d9	MATCH	2	https://api.github.com/repos/GettysburgResearch/riemann/git/matching-refs/pull/65	2026-09-05T17:55:21.262818+00:00	NO_HEAD_DELTA_AT_OBSERVATION	historical scope retained; no new scientific acceptance
656	db404ec00cf022f003ee2bbee66e0cf62ac45003	db404ec00cf022f003ee2bbee66e0cf62ac45003	MATCH	2	https://api.github.com/repos/GettysburgResearch/riemann/git/matching-refs/pull/65	2026-09-05T17:55:21.262821+00:00	NO_HEAD_DELTA_AT_OBSERVATION	historical scope retained; no new scientific acceptance
657	68089573fc170978c3bb556fd51d4015287b6e75	68089573fc170978c3bb556fd51d4015287b6e75	MATCH	2	https://api.github.com/repos/GettysburgResearch/riemann/git/matching-refs/pull/65	2026-09-05T17:55:21.262823+00:00	NO_HEAD_DELTA_AT_OBSERVATION	historical scope retained; no new scientific acceptance
658	3dd7eacdadc76822e25ee630a474580259dd64fb	3dd7eacdadc76822e25ee630a474580259dd64fb	MATCH	2	https://api.github.com/repos/GettysburgResearch/riemann/git/matching-refs/pull/65	2026-09-05T17:55:21.262825+00:00	NO_HEAD_DELTA_AT_OBSERVATION	historical scope retained; no new scientific acceptance
659	83c17b32a99ac9e1aa5aec3168535550eb286636	83c17b32a99ac9e1aa5aec3168535550eb286636	MATCH	2	https://api.github.com/repos/GettysburgResearch/riemann/git/matching-refs/pull/65	2026-09-05T17:55:21.262828+00:00	NO_HEAD_DELTA_AT_OBSERVATION	historical scope retained; no new scientific acceptance
660	b3830a12e8823ca74d2a2f709581908c8a9e5402	b3830a12e8823ca74d2a2f709581908c8a9e5402	MATCH	2	https://api.github.com/repos/GettysburgResearch/riemann/git/matching-refs/pull/66	2026-09-05T17:55:21.872719+00:00	NO_HEAD_DELTA_AT_OBSERVATION	historical scope retained; no new scientific acceptance
661	468e8d58e8d612808aad01c64060852a001d9877	468e8d58e8d612808aad01c64060852a001d9877	MATCH	2	https://api.github.com/repos/GettysburgResearch/riemann/git/matching-refs/pull/66	2026-09-05T17:55:21.872743+00:00	NO_HEAD_DELTA_AT_OBSERVATION	historical scope retained; no new scientific acceptance
662	7af71708570b9621c08b6598efacada7abe84bf2	7af71708570b9621c08b6598efacada7abe84bf2	MATCH	2	https://api.github.com/repos/GettysburgResearch/riemann/git/matching-refs/pull/66	2026-09-05T17:55:21.872747+00:00	NO_HEAD_DELTA_AT_OBSERVATION	historical scope retained; no new scientific acceptance
663	fa081e81044a81e76f48cb9878a659d749e98427	fa081e81044a81e76f48cb9878a659d749e98427	MATCH	2	https://api.github.com/repos/GettysburgResearch/riemann/git/matching-refs/pull/66	2026-09-05T17:55:21.872750+00:00	NO_HEAD_DELTA_AT_OBSERVATION	historical scope retained; no new scientific acceptance
664	14692244bdaef90793a0c2a1a9bfd6e6b4bb1a2e	14692244bdaef90793a0c2a1a9bfd6e6b4bb1a2e	MATCH	2	https://api.github.com/repos/GettysburgResearch/riemann/git/matching-refs/pull/66	2026-09-05T17:55:21.872753+00:00	NO_HEAD_DELTA_AT_OBSERVATION	historical scope retained; no new scientific acceptance
665	a771772682a2c09c026348b176618c302c49c223	a771772682a2c09c026348b176618c302c49c223	MATCH	2	https://api.github.com/repos/GettysburgResearch/riemann/git/matching-refs/pull/66	2026-09-05T17:55:21.872755+00:00	NO_HEAD_DELTA_AT_OBSERVATION	historical scope retained; no new scientific acceptance
666	7ae9e3e15b8bcb0a5f382db49f31ad385b02e24a	7ae9e3e15b8bcb0a5f382db49f31ad385b02e24a	MATCH	2	https://api.github.com/repos/GettysburgResearch/riemann/git/matching-refs/pull/66	2026-09-05T17:55:21.872758+00:00	NO_HEAD_DELTA_AT_OBSERVATION	historical scope retained; no new scientific acceptance
667	7c044d232198265974dd8f4a530b98c6653dba55	7c044d232198265974dd8f4a530b98c6653dba55	MATCH	2	https://api.github.com/repos/GettysburgResearch/riemann/git/matching-refs/pull/66	2026-09-05T17:55:21.872760+00:00	NO_HEAD_DELTA_AT_OBSERVATION	historical scope retained; no new scientific acceptance
668	15719b975115ecad1b23264c6a6303899b4c99dc	15719b975115ecad1b23264c6a6303899b4c99dc	MATCH	2	https://api.github.com/repos/GettysburgResearch/riemann/git/matching-refs/pull/66	2026-09-05T17:55:21.872762+00:00	NO_HEAD_DELTA_AT_OBSERVATION	historical scope retained; no new scientific acceptance
669	4ae26bc0538f8f7e7dc096fa221c81434cb8584e	4ae26bc0538f8f7e7dc096fa221c81434cb8584e	MATCH	2	https://api.github.com/repos/GettysburgResearch/riemann/git/matching-refs/pull/66	2026-09-05T17:55:21.872764+00:00	NO_HEAD_DELTA_AT_OBSERVATION	historical scope retained; no new scientific acceptance
670	f5d37a5f1880749dd33b103d98e2d85bac60ae28	f5d37a5f1880749dd33b103d98e2d85bac60ae28	MATCH	2	https://api.github.com/repos/GettysburgResearch/riemann/git/matching-refs/pull/67	2026-09-05T17:56:07.629636+00:00	NO_HEAD_DELTA_AT_OBSERVATION	historical scope retained; no new scientific acceptance
671	2889071e9ebdc412b94cf2cfe74f1fd5142b2857	2889071e9ebdc412b94cf2cfe74f1fd5142b2857	MATCH	2	https://api.github.com/repos/GettysburgResearch/riemann/git/matching-refs/pull/67	2026-09-05T17:56:07.629679+00:00	NO_HEAD_DELTA_AT_OBSERVATION	historical scope retained; no new scientific acceptance
672	2a351548eb7960ff8ae99f193c10e278984c5657	2a351548eb7960ff8ae99f193c10e278984c5657	MATCH	2	https://api.github.com/repos/GettysburgResearch/riemann/git/matching-refs/pull/67	2026-09-05T17:56:07.629684+00:00	NO_HEAD_DELTA_AT_OBSERVATION	historical scope retained; no new scientific acceptance
673	e932753906968a9e3037b44b95c5a2a711af1c41	e932753906968a9e3037b44b95c5a2a711af1c41	MATCH	2	https://api.github.com/repos/GettysburgResearch/riemann/git/matching-refs/pull/67	2026-09-05T17:56:07.629687+00:00	NO_HEAD_DELTA_AT_OBSERVATION	historical scope retained; no new scientific acceptance
674	9962f7f712adc6b4ad72672ecfeace028ba79bdb	9962f7f712adc6b4ad72672ecfeace028ba79bdb	MATCH	2	https://api.github.com/repos/GettysburgResearch/riemann/git/matching-refs/pull/67	2026-09-05T17:56:07.629690+00:00	NO_HEAD_DELTA_AT_OBSERVATION	historical scope retained; no new scientific acceptance
675	7b28224ba1b072d4ccd5b93ad37c0a64e7939740	7b28224ba1b072d4ccd5b93ad37c0a64e7939740	MATCH	2	https://api.github.com/repos/GettysburgResearch/riemann/git/matching-refs/pull/67	2026-09-05T17:56:07.629693+00:00	NO_HEAD_DELTA_AT_OBSERVATION	historical scope retained; no new scientific acceptance
676	9849df6a52bb4791ebf10cf0dd9f0c929d36bdd9	9849df6a52bb4791ebf10cf0dd9f0c929d36bdd9	MATCH	2	https://api.github.com/repos/GettysburgResearch/riemann/git/matching-refs/pull/67	2026-09-05T17:56:07.629698+00:00	NO_HEAD_DELTA_AT_OBSERVATION	historical scope retained; no new scientific acceptance
677	d00c47155ca7440c3c07ff56b361d6aa3533da41	d00c47155ca7440c3c07ff56b361d6aa3533da41	MATCH	2	https://api.github.com/repos/GettysburgResearch/riemann/git/matching-refs/pull/67	2026-09-05T17:56:07.629702+00:00	NO_HEAD_DELTA_AT_OBSERVATION	historical scope retained; no new scientific acceptance
678	5d0ab664595b13ae2c00ea980e7b0f89404b5feb	5d0ab664595b13ae2c00ea980e7b0f89404b5feb	MATCH	2	https://api.github.com/repos/GettysburgResearch/riemann/git/matching-refs/pull/67	2026-09-05T17:56:07.629705+00:00	NO_HEAD_DELTA_AT_OBSERVATION	historical scope retained; no new scientific acceptance
679	37c811473cad6058e5f057a9fc89b05dc5b0e4cb	37c811473cad6058e5f057a9fc89b05dc5b0e4cb	MATCH	2	https://api.github.com/repos/GettysburgResearch/riemann/git/matching-refs/pull/67	2026-09-05T17:56:07.629707+00:00	NO_HEAD_DELTA_AT_OBSERVATION	historical scope retained; no new scientific acceptance
680	64e8e138dde15bfdb02d532041ace945c600c912	64e8e138dde15bfdb02d532041ace945c600c912	MATCH	2	https://api.github.com/repos/GettysburgResearch/riemann/git/matching-refs/pull/68	2026-09-05T17:56:08.218277+00:00	NO_HEAD_DELTA_AT_OBSERVATION	historical scope retained; no new scientific acceptance
681	9500d6f4bc2be3fcb53ad46144913caed2ff8c7a	9500d6f4bc2be3fcb53ad46144913caed2ff8c7a	MATCH	2	https://api.github.com/repos/GettysburgResearch/riemann/git/matching-refs/pull/68	2026-09-05T17:56:08.218296+00:00	NO_HEAD_DELTA_AT_OBSERVATION	historical scope retained; no new scientific acceptance
682	445e41e692b4413d082a5c9a800d759bda549451	445e41e692b4413d082a5c9a800d759bda549451	MATCH	2	https://api.github.com/repos/GettysburgResearch/riemann/git/matching-refs/pull/68	2026-09-05T17:56:08.218301+00:00	NO_HEAD_DELTA_AT_OBSERVATION	historical scope retained; no new scientific acceptance
683	ce7aad78e1d7802d98008838230d52357564e95f	ce7aad78e1d7802d98008838230d52357564e95f	MATCH	2	https://api.github.com/repos/GettysburgResearch/riemann/git/matching-refs/pull/68	2026-09-05T17:56:08.218304+00:00	NO_HEAD_DELTA_AT_OBSERVATION	historical scope retained; no new scientific acceptance
684	4669183704a8f51b7d0377200a46f90ed023fe2c	4669183704a8f51b7d0377200a46f90ed023fe2c	MATCH	2	https://api.github.com/repos/GettysburgResearch/riemann/git/matching-refs/pull/68	2026-09-05T17:56:08.218307+00:00	NO_HEAD_DELTA_AT_OBSERVATION	historical scope retained; no new scientific acceptance
685	4f69b7656f42dcb5ff250d13adc9f88e8d18f315	4f69b7656f42dcb5ff250d13adc9f88e8d18f315	MATCH	2	https://api.github.com/repos/GettysburgResearch/riemann/git/matching-refs/pull/68	2026-09-05T17:56:08.218309+00:00	NO_HEAD_DELTA_AT_OBSERVATION	historical scope retained; no new scientific acceptance
686	a0c3c834c671fe64bfdfee6c8473d2c3702bfeec	a0c3c834c671fe64bfdfee6c8473d2c3702bfeec	MATCH	2	https://api.github.com/repos/GettysburgResearch/riemann/git/matching-refs/pull/68	2026-09-05T17:56:08.218312+00:00	NO_HEAD_DELTA_AT_OBSERVATION	historical scope retained; no new scientific acceptance
687	e9c84904fabf16fd93d16e7aa75d0254ec2bcbf7	e9c84904fabf16fd93d16e7aa75d0254ec2bcbf7	MATCH	2	https://api.github.com/repos/GettysburgResearch/riemann/git/matching-refs/pull/68	2026-09-05T17:56:08.218314+00:00	NO_HEAD_DELTA_AT_OBSERVATION	historical scope retained; no new scientific acceptance
688	24a2a748b8b36a70382c88843bb7779caac97e07	24a2a748b8b36a70382c88843bb7779caac97e07	MATCH	2	https://api.github.com/repos/GettysburgResearch/riemann/git/matching-refs/pull/68	2026-09-05T17:56:08.218316+00:00	NO_HEAD_DELTA_AT_OBSERVATION	historical scope retained; no new scientific acceptance
689	1751b5d63d981f1d39e0679a5997a7e32d2f1649	1751b5d63d981f1d39e0679a5997a7e32d2f1649	MATCH	2	https://api.github.com/repos/GettysburgResearch/riemann/git/matching-refs/pull/68	2026-09-05T17:56:08.218319+00:00	NO_HEAD_DELTA_AT_OBSERVATION	historical scope retained; no new scientific acceptance
690	98140e291f1285e886d576291812961db9691c86	98140e291f1285e886d576291812961db9691c86	MATCH	2	https://api.github.com/repos/GettysburgResearch/riemann/git/matching-refs/pull/69	2026-09-05T17:56:32.179454+00:00	NO_HEAD_DELTA_AT_OBSERVATION	historical scope retained; no new scientific acceptance
691	1de27a2c29e15e2dd94154f174c57bde3909daf7	1de27a2c29e15e2dd94154f174c57bde3909daf7	MATCH	2	https://api.github.com/repos/GettysburgResearch/riemann/git/matching-refs/pull/69	2026-09-05T17:56:32.179475+00:00	NO_HEAD_DELTA_AT_OBSERVATION	historical scope retained; no new scientific acceptance
692	50c4862c801b6388a30363c336d275270025eff4	50c4862c801b6388a30363c336d275270025eff4	MATCH	2	https://api.github.com/repos/GettysburgResearch/riemann/git/matching-refs/pull/69	2026-09-05T17:56:32.179479+00:00	NO_HEAD_DELTA_AT_OBSERVATION	historical scope retained; no new scientific acceptance
693	2cc70798b453ce4e5059dcc25d8d3fb7c38e172e	2cc70798b453ce4e5059dcc25d8d3fb7c38e172e	MATCH	2	https://api.github.com/repos/GettysburgResearch/riemann/git/matching-refs/pull/69	2026-09-05T17:56:32.179484+00:00	NO_HEAD_DELTA_AT_OBSERVATION	historical scope retained; no new scientific acceptance
694	e6d923c1069f5a481abdf0769ca6d870a8b5ae4b	e6d923c1069f5a481abdf0769ca6d870a8b5ae4b	MATCH	2	https://api.github.com/repos/GettysburgResearch/riemann/git/matching-refs/pull/69	2026-09-05T17:56:32.179486+00:00	NO_HEAD_DELTA_AT_OBSERVATION	historical scope retained; no new scientific acceptance
695	5b549abb560e87718f1977d72bf6d3a18165af90	5b549abb560e87718f1977d72bf6d3a18165af90	MATCH	2	https://api.github.com/repos/GettysburgResearch/riemann/git/matching-refs/pull/69	2026-09-05T17:56:32.179489+00:00	NO_HEAD_DELTA_AT_OBSERVATION	historical scope retained; no new scientific acceptance
696	f4016db548afceb31b150547cb6cd48b4cddb77d	f4016db548afceb31b150547cb6cd48b4cddb77d	MATCH	2	https://api.github.com/repos/GettysburgResearch/riemann/git/matching-refs/pull/69	2026-09-05T17:56:32.179492+00:00	NO_HEAD_DELTA_AT_OBSERVATION	historical scope retained; no new scientific acceptance
697	e878c3717cd8124564e5400b2ec5db035e3a4088	e878c3717cd8124564e5400b2ec5db035e3a4088	MATCH	2	https://api.github.com/repos/GettysburgResearch/riemann/git/matching-refs/pull/69	2026-09-05T17:56:32.179494+00:00	NO_HEAD_DELTA_AT_OBSERVATION	historical scope retained; no new scientific acceptance
698	a10d6a40105142de2708632589c458d7534f556a	a10d6a40105142de2708632589c458d7534f556a	MATCH	2	https://api.github.com/repos/GettysburgResearch/riemann/git/matching-refs/pull/69	2026-09-05T17:56:32.179496+00:00	NO_HEAD_DELTA_AT_OBSERVATION	historical scope retained; no new scientific acceptance
699	f23dd81748562dfa2a73f86aecfb9fcd3e2b32b9	f23dd81748562dfa2a73f86aecfb9fcd3e2b32b9	MATCH	2	https://api.github.com/repos/GettysburgResearch/riemann/git/matching-refs/pull/69	2026-09-05T17:56:32.179499+00:00	NO_HEAD_DELTA_AT_OBSERVATION	historical scope retained; no new scientific acceptance
700	18737409b6fa1c0a20096e5939a60cfc933d251c	18737409b6fa1c0a20096e5939a60cfc933d251c	MATCH	1	https://github.com/GettysburgResearch/riemann/blob/7466ad8081101508be7c7acf0065cb2e0944a639/reviews/C/CENSUS.tsv	2026-09-05; precise per-ref time not retained	NO_HEAD_DELTA_AT_OBSERVATION	historical scope retained; no new scientific acceptance
701	b8fa864f257cce623b020ff94b09c5afcbcabdee	b8fa864f257cce623b020ff94b09c5afcbcabdee	MATCH	1	https://github.com/GettysburgResearch/riemann/blob/7466ad8081101508be7c7acf0065cb2e0944a639/reviews/C/CENSUS.tsv	2026-09-05; precise per-ref time not retained	NO_HEAD_DELTA_AT_OBSERVATION	historical scope retained; no new scientific acceptance
702	89f995450977c3590aada0c1447a7e6af7fcd9ac	89f995450977c3590aada0c1447a7e6af7fcd9ac	MATCH	1	https://github.com/GettysburgResearch/riemann/blob/7466ad8081101508be7c7acf0065cb2e0944a639/reviews/C/CENSUS.tsv	2026-09-05; precise per-ref time not retained	NO_HEAD_DELTA_AT_OBSERVATION	historical scope retained; no new scientific acceptance
703	0a46dba5c74e573945e3612937606f6ca735a1d3	0a46dba5c74e573945e3612937606f6ca735a1d3	MATCH	1	https://github.com/GettysburgResearch/riemann/blob/7466ad8081101508be7c7acf0065cb2e0944a639/reviews/C/CENSUS.tsv	2026-09-05; precise per-ref time not retained	NO_HEAD_DELTA_AT_OBSERVATION	historical scope retained; no new scientific acceptance
704	66f755df4321a03874e0da3f61b033300173e364	66f755df4321a03874e0da3f61b033300173e364	MATCH	1	https://github.com/GettysburgResearch/riemann/blob/7466ad8081101508be7c7acf0065cb2e0944a639/reviews/C/CENSUS.tsv	2026-09-05; precise per-ref time not retained	NO_HEAD_DELTA_AT_OBSERVATION	historical scope retained; no new scientific acceptance
705	027ea8bd5c879a190e9e22620c245a81f7b93b73	027ea8bd5c879a190e9e22620c245a81f7b93b73	MATCH	1	https://github.com/GettysburgResearch/riemann/blob/7466ad8081101508be7c7acf0065cb2e0944a639/reviews/C/CENSUS.tsv	2026-09-05; precise per-ref time not retained	NO_HEAD_DELTA_AT_OBSERVATION	historical scope retained; no new scientific acceptance
706	44828a27c63bfc57dce12d67e980db33f4d55c3a	44828a27c63bfc57dce12d67e980db33f4d55c3a	MATCH	1	https://github.com/GettysburgResearch/riemann/blob/7466ad8081101508be7c7acf0065cb2e0944a639/reviews/C/CENSUS.tsv	2026-09-05; precise per-ref time not retained	NO_HEAD_DELTA_AT_OBSERVATION	historical scope retained; no new scientific acceptance
707	7bf3308d40ac8ed1ba50e404ff6e9c47526d89e4	7bf3308d40ac8ed1ba50e404ff6e9c47526d89e4	MATCH	1	https://github.com/GettysburgResearch/riemann/blob/7466ad8081101508be7c7acf0065cb2e0944a639/reviews/C/CENSUS.tsv	2026-09-05; precise per-ref time not retained	NO_HEAD_DELTA_AT_OBSERVATION	historical scope retained; no new scientific acceptance
