good evening the Riemann zeta function argument is stronger than ever

S(γ1+0)>4.1843 and S(γ2−0)<−4.3383
(Previous record of 3.3455 set in 2016)

t1=763173730199776587433631628770
γ1−t1∈[−.068203,−.068103]
4.184313<S(γ1+0)<4.185380

t2=201016554543249943627430143193
γ2−t2∈[.078398,.078428]
−4.33869<S(γ2−0)<−4.33837

Certificate for S(γ1+0)>4.1843:

N(t1)=8012833507866431746081933196518

427 Hardy-Z brackets, width .0020. Each x below denotes [t1+x,t1+x+.0020]; Z has opposite signs at the displayed endpoints:

-19.9871 -19.8961 -19.8239 -19.7436 -19.6593 -19.5459 -19.5144 -19.3756 -19.1959 -19.1671 -19.0630 -19.0221 -18.8907 -18.7569 -18.6816 -18.6019 -18.5166 -18.3535 -18.2924 -18.2029 -18.1386 -18.0763 -18.0061 -17.8223 -17.7135 -17.6431 -17.5567 -17.4827 -17.3586 -17.2788 -17.2421 -17.0783 -16.9771 -16.9151 -16.8498 -16.7455 -16.6240 -16.5861 -16.3967 -16.3295 -16.3013 -16.1512 -16.0794 -15.9620 -15.7899 -15.7715 -15.6770 -15.5539 -15.4909 -15.3719 -15.2271 -15.2013 -15.0984 -15.0252 -14.9027 -14.7977 -14.6820 -14.5834 -14.4567 -14.4216 -14.2940 -14.1980 -14.0706 -14.0180 -13.8989 -13.8437 -13.7736 -13.6586 -13.6032 -13.5255 -13.4294 -13.3677 -13.2690 -13.1682 -13.0044 -12.9261 -12.8871 -12.7488 -12.6221 -12.5652 -12.4931 -12.3653 -12.3252 -12.2213 -12.1644 -12.0060 -11.9243 -11.8511 -11.7472 -11.6238 -11.4897 -11.4641 -11.3780 -11.3049 -11.2512 -11.1014 -11.0016 -10.9285 -10.8364 -10.8046 -10.6685 -10.5397 -10.4305 -10.3433 -10.2614 -10.1547 -10.0222 -9.9986 -9.9195 -9.7779 -9.5751 -9.5393 -9.4712 -9.3769 -9.3085 -9.2388 -9.1187 -9.0357 -8.9409 -8.7770 -8.7218 -8.6176 -8.5755 -8.4443 -8.3433 -8.3328 -8.2197 -8.0405 -7.9699 -7.8550 -7.7794 -7.6781 -7.6017 -7.5357 -7.4138 -7.3542 -7.2508 -7.1793 -7.0586 -6.8803 -6.8258 -6.7344 -6.6383 -6.5708 -6.4924 -6.3725 -6.2315 -6.1900 -6.1131 -5.9861 -5.8131 -5.7394 -5.7060 -5.6321 -5.5659 -5.5016 -5.3705 -5.2393 -5.1333 -5.0479 -4.9246 -4.8884 -4.7827 -4.7096 -4.6131 -4.5396 -4.4158 -4.3213 -4.2248 -4.1819 -3.9602 -3.9046 -3.8678 -3.7335 -3.6362 -3.5970 -3.4618 -3.3704 -3.3247 -3.2700 -3.0828 -2.9855 -2.8956 -2.7824 -2.7059 -2.6059 -2.5656 -2.4701 -2.3557 -2.2138 -2.1425 -2.0503 -1.9328 -1.8001 -1.7471 -1.6910 -1.5682 -1.4963 -1.4393 -1.3908 -1.2999 -1.1422 -1.0455 -.9210 -.8101 -.7586 -.5961 -.5482 -.4422 -.3891 -.3038 -.2478 -.1971 -.1412 -.1011 -.0828 -.0691 .3012 .5129 .5698 .7550 .7792 .8790 .9140 1.0719 1.1317 1.2070 1.2933 1.3526 1.4744 1.5977 1.7242 1.8460 1.9202 1.9928 2.0660 2.1220 2.3189 2.3624 2.4369 2.5647 2.6786 2.7895 2.8720 2.9713 3.0105 3.1303 3.2068 3.3143 3.3663 3.5026 3.5829 3.6972 3.7891 3.8464 3.9567 4.0374 4.1093 4.1886 4.3050 4.4242 4.5291 4.5935 4.7097 4.7979 4.8880 4.9583 5.0601 5.1253 5.2340 5.3147 5.4131 5.5971 5.6798 5.7240 5.8009 5.8909 5.9999 6.0648 6.1950 6.2950 6.3528 6.4679 6.5425 6.6104 6.7131 6.7464 6.9300 7.0413 7.0776 7.1769 7.2936 7.3775 7.5291 7.6280 7.6748 7.7862 7.8845 7.9870 8.0473 8.0944 8.1656 8.3086 8.4798 8.5627 8.6895 8.7433 8.8167 8.8803 8.9829 9.1219 9.2064 9.2644 9.3238 9.4240 9.5834 9.6547 9.7414 9.8037 9.8938 10.0166 10.0796 10.1719 10.3061 10.3798 10.5406 10.6426 10.7299 10.8249 10.9434 11.0008 11.0509 11.0904 11.2839 11.4288 11.4394 11.5491 11.6376 11.7543 11.8023 11.9102 11.9727 12.0256 12.1721 12.2967 12.3571 12.4419 12.5333 12.6796 12.7468 12.8123 12.9205 13.0816 13.1306 13.2569 13.3844 13.5038 13.5351 13.6733 13.7554 13.8617 13.9228 14.0125 14.1050 14.2299 14.2460 14.3974 14.4676 14.6029 14.6244 14.7794 14.8142 14.9469 14.9907 15.0763 15.1696 15.2548 15.3880 15.4240 15.5563 15.6526 15.7632 15.8251 15.8975 15.9919 16.1252 16.1894 16.2786 16.3949 16.4716 16.5877 16.6816 16.7734 16.8399 16.9984 17.0775 17.1987 17.2484 17.3019 17.3856 17.5012 17.5547 17.7442 17.8313 17.9381 17.9839 18.0992 18.1701 18.2196 18.3063 18.4410 18.5373 18.6240 18.7263 18.8585 18.9044 18.9919 19.1255 19.2556 19.3207 19.4146 19.5184 19.5819 19.7024 19.8657 19.9490 19.9715

Turing:
I+=.2506382, I−=.4650477, B=6.1266298, E+=.210, E−=.217
D∈[−.3404339,.3042996] ⇒ D=0

Record bracket:
Z(t1−.068203)∈[+1.80e−5,+2.41e−5], Z(t1−.068103)∈[−2.44e−5,−1.83e−5]

Certificate for S(γ2−0)<−4.3383:

N(t2)=2067863069844908517322813360229

417 Hardy-Z brackets, width .0020. Each x below denotes [t2+x,t2+x+.0020]; Z has opposite signs at the displayed endpoints:

-19.9420 -19.7975 -19.7177 -19.6077 -19.5497 -19.4406 -19.3760 -19.2591 -19.1770 -19.0661 -18.9218 -18.8296 -18.7614 -18.6039 -18.5801 -18.4727 -18.4173 -18.3523 -18.1299 -18.0327 -17.9853 -17.9093 -17.8300 -17.6766 -17.6205 -17.4525 -17.4190 -17.3379 -17.2262 -17.1027 -17.0274 -16.9438 -16.8246 -16.7456 -16.6186 -16.5728 -16.4604 -16.3182 -16.2661 -16.1349 -16.0882 -15.9650 -15.8562 -15.7364 -15.6826 -15.4959 -15.4670 -15.4009 -15.2814 -15.1793 -15.1165 -14.9898 -14.8852 -14.8045 -14.7261 -14.6166 -14.5733 -14.4607 -14.4017 -14.3257 -14.2096 -14.1193 -14.0339 -14.0034 -13.8544 -13.6940 -13.6493 -13.5151 -13.3941 -13.3262 -13.2499 -13.1574 -13.0521 -13.0281 -12.9153 -12.8081 -12.6355 -12.4883 -12.4229 -12.3592 -12.3044 -12.1666 -12.0679 -11.9485 -11.8780 -11.7790 -11.6830 -11.6178 -11.5030 -11.4208 -11.3144 -11.2102 -11.1312 -11.0269 -10.9519 -10.8630 -10.6688 -10.6257 -10.5023 -10.4609 -10.3626 -10.1773 -10.1114 -10.0406 -9.9468 -9.8786 -9.7981 -9.6624 -9.5694 -9.4165 -9.3459 -9.2995 -9.1780 -9.1006 -8.9557 -8.8773 -8.7978 -8.6360 -8.5982 -8.4819 -8.4512 -8.3442 -8.2276 -8.1634 -8.0357 -7.9383 -7.8608 -7.7706 -7.6201 -7.5675 -7.4572 -7.4089 -7.2458 -7.1152 -7.0762 -6.9846 -6.8964 -6.7790 -6.7048 -6.6607 -6.4877 -6.4007 -6.3261 -6.2429 -6.1247 -6.0384 -5.9461 -5.8671 -5.7646 -5.5990 -5.5176 -5.4389 -5.3447 -5.2967 -5.2213 -5.0461 -4.9237 -4.8862 -4.7445 -4.7214 -4.6079 -4.4719 -4.3934 -4.3402 -4.2059 -4.1233 -3.9948 -3.9440 -3.7999 -3.7545 -3.6859 -3.5844 -3.4529 -3.3740 -3.2730 -3.1456 -3.0779 -3.0066 -2.9266 -2.8105 -2.7255 -2.6365 -2.4723 -2.3566 -2.2879 -2.2233 -2.1511 -2.0803 -1.9712 -1.9002 -1.7347 -1.6580 -1.5645 -1.4306 -1.3919 -1.2997 -1.1868 -1.0839 -1.0357 -.9153 -.8524 -.8402 -.6499 -.5914 -.4593 .0775 .0855 .1176 .1297 .2100 .2625 .3162 .4001 .4656 .5660 .6434 .7539 .8090 1.0450 1.1032 1.1643 1.2595 1.3700 1.4646 1.5234 1.6724 1.7526 1.8243 1.8419 2.0283 2.1057 2.2032 2.2558 2.3807 2.5236 2.5626 2.6800 2.7895 2.8819 2.9186 3.0808 3.1182 3.2552 3.3433 3.4282 3.5134 3.6792 3.7383 3.7968 3.9336 4.0229 4.0826 4.1793 4.2965 4.4203 4.4934 4.5608 4.6250 4.7701 4.9226 4.9880 5.0708 5.1389 5.2234 5.2805 5.3687 5.5051 5.6218 5.7388 5.8734 5.8799 6.0513 6.1259 6.2576 6.2895 6.3818 6.4690 6.5917 6.7206 6.7707 6.8766 6.9198 7.0804 7.1114 7.3109 7.3624 7.4728 7.5655 7.6769 7.7765 7.8814 8.0036 8.0109 8.1318 8.2219 8.3180 8.4815 8.5437 8.6347 8.7274 8.8050 8.8955 8.9706 9.0691 9.1904 9.2797 9.3386 9.4695 9.6131 9.7071 9.7745 9.8569 9.9004 10.0761 10.1415 10.2595 10.2730 10.4353 10.5318 10.5973 10.7518 10.8663 10.9647 11.0420 11.1307 11.1845 11.3241 11.4028 11.4781 11.6075 11.7085 11.8144 11.9356 12.0295 12.0504 12.1795 12.2107 12.2946 12.4093 12.5270 12.6740 12.7813 12.9097 12.9631 13.0939 13.1331 13.2395 13.3359 13.3837 13.4757 13.5369 13.6408 13.7795 13.8275 13.9568 14.0259 14.1108 14.2790 14.3031 14.3763 14.5162 14.6434 14.6963 14.7866 14.9204 14.9695 15.0404 15.1583 15.2688 15.4091 15.5081 15.6049 15.6414 15.7713 15.8244 15.9176 16.0088 16.1746 16.3373 16.3692 16.4416 16.5363 16.6330 16.7323 16.8423 16.9513 17.0646 17.1687 17.2561 17.3742 17.4488 17.5134 17.6435 17.7478 17.8203 17.8472 18.0472 18.0839 18.1717 18.2756 18.4367 18.5167 18.5863 18.6842 18.8092 18.8532 19.0100 19.0779 19.1575 19.2571 19.3463 19.5000 19.5921 19.6425 19.7985 19.8356 19.9519

Turing:
I+=−.8865458, I−=.1980195, B=6.0479180, E+=.212, E−=.205
D∈[−.3225469,.3573232] ⇒ D=0

Record bracket:
Z(t2+.078398)∈[+0.71e−5,+1.32e−5], Z(t2+.078428)∈[−1.31e−5,−0.70e−5]
